17605.000000
17825.500000
17794.000000
17762.500000
17731.000000
17699.500000
17668.000000
17636.500000
17573.500000
17447.500000
17506.000000
17464.214286
17419.489796
17263.734694
17326.485423
17260.409829
17056.614744
17126.228327
17020.936421
16728.904632
16897.909173
16777.893426
16603.291548
16181.187322
16397.078097
16212.212655
16088.571687
15569.743366
15733.364877
15559.343506
14890.060672
15139.978465
14734.988355
13738.030217
14307.086924
13947.630729
13340.497035
11920.151891
12698.830056
12042.190621
11586.873281
9810.320688
10385.436793
9847.939074
9036.054797
6580.266831
7200.580056
6668.851645
5790.251373
2664.281749
3267.755777
2768.847727
1283.747918
2998.347660
1114.797345
6577.356361
880.878826
4921.608267
2506.216265
5013.769478
2115.260401
3239.263046
1612.508340
3992.171016
1078.593042
4340.658954
913.046573
1806.771299
2536.395921
952.346320
2173.955099
811.589700
1937.923981
724.900260
1532.231757
579.801403
1350.470747
498.480322
1293.512029
485.914181
1148.259646
427.194829
1100.059363
410.358121
1062.622870
395.003402
974.586543
365.775653
873.316531
325.346062
689.936460
263.498914
605.671420
222.442386
580.664007
220.589945
516.975768
191.214301
491.947460
186.251743
478.723226
176.664322
436.470398
166.863456
394.563263
145.528314
310.282895
122.282736
273.171015
98.807856
260.160567
102.955821
234.490298
85.149953
219.509244
87.741158
217.405137
78.549830
195.027721
79.517183
180.072355
64.620762
139.117388
60.638828
131.903396
48.701034
109.708733
47.558145
113.405474
42.299108
93.302498
41.558059
103.904259
38.783900
84.929576
38.805859
78.688260
29.997403
69.523393
33.345016
61.460683
27.154982
52.445932
24.265762
52.828494
24.727713
45.955543
21.584319
47.875983
18.978108
42.398883
24.394625
39.206842
21.584783
34.675447
16.319754
29.644418
19.373940
28.663543
18.114222
30.996533
17.628334
24.786717
15.548836
26.187038
16.707941
22.505911
14.951818
21.911917
16.016616
20.525565
14.550608
19.138383
15.631999
19.457868
15.350618
18.542733
14.969375
17.096843
14.420903
16.685409
14.783969
16.499217
14.612771
16.065680
14.364401
15.778578
14.545967
15.374925
14.407136
15.267699
14.309071
14.951600
14.364422
14.841176
14.310865
14.698807
14.261572
14.698256
14.291631
14.540604
14.233249
14.471721
14.251752
14.464209
14.240494
14.411874
14.229922
14.355510
14.231515
14.352785
14.224468
14.323053
14.228358
14.289912
14.218602
14.280229
14.221315
14.268948
14.214855
14.243345
14.216369
14.243303
14.210792
14.240929
14.215620
14.233060
14.209491
14.231149
14.213159
14.225732
14.206337
14.220404
14.210551
14.219548
14.209019
14.221253
14.208173
14.216519
14.204947
14.216868
14.207058
14.213181
14.203151
14.212270
14.205868
14.212183
14.202550
14.209339
14.205208
14.209340
14.204573
14.208733
14.203838
14.207764
14.201841
14.206534
14.203312
14.206356
14.202847
14.206024
14.201451
14.205144
14.202572
14.204585
14.202114
14.204309
14.201766
14.203645
14.200997
14.203458
14.201559
14.203481
14.201349
14.202822
14.200854
14.202638
14.201146
14.202261
14.200533
14.202007
14.200990
14.201940
14.200846
14.201751
14.200432
14.201550
14.200753
14.201414
14.200624
14.201236
14.200284
14.201133
14.200554
14.201125
14.200219
14.200860
14.200491
14.200834
14.200426
14.200725
14.200347
14.200708
14.200297
14.200623
14.200166
14.200592
14.200270
14.200543
14.200120
14.200473
14.200241
14.200400
14.200194
14.200369
14.200161
14.200340
14.200085
14.200317
14.200149
14.200313
14.200128
14.200256
14.200068
14.200228
14.200107
14.200215
14.200044
14.200168
14.200093
14.200174
14.200083
14.200162
14.200069
14.200143
14.200036
14.200122
14.200060
14.200115
14.200051
14.200104
14.200025
14.200097
14.200046
14.200086
14.200038
14.200081
14.200021
14.200069
14.200034
14.200062
14.200028
14.200063
14.200024
14.200049
14.200015
14.200047
14.200020
14.200043
14.200011
14.200040
14.200019
14.200035
14.200015
14.200030
14.200007
14.200029
14.200013
14.200027
14.200006
14.200021
14.200012
14.200022
14.200010
14.200018
14.200008
14.200018
14.200004
14.200015
14.200007
14.200015
14.200006
14.200013
14.200003
14.200012
14.200006
14.200010
14.200004
14.200010
14.200004
14.200008
14.200002
14.200007
14.200003
14.200009
14.200003
14.200006
14.200004
14.200002
14.200005
14.200002
14.200007
14.200002
14.200005
14.200002
14.200004
14.200002
14.200005
14.200002
14.200003
14.200002
14.200001
14.200002
14.200002
14.200000
14.200000
14.200000
14.200000
14.200000
14.200001
14.200001
14.200002
14.200001
14.200001
14.200003
14.200001
14.200003
14.200001
14.200002
14.200001
14.200003
14.200001
14.200002
14.200000
14.200000
14.200000
14.200001
14.200000
14.200002
14.200001
14.200000
14.200000
14.200000
14.200000
14.200000
14.200001
14.200001
