71.942842
72.233390
72.233390
72.233390
72.233390
72.233390
72.233390
72.233390
72.233390
72.233390
72.214742
72.210488
72.209471
72.156999
72.072259
72.054684
72.124690
72.086410
72.034213
72.042668
72.031496
71.921398
71.850716
71.821750
71.820177
71.956243
71.953007
71.784693
71.594298
71.739282
71.720639
71.591298
71.514446
71.574260
71.627379
71.520281
71.284757
70.902610
71.262040
71.225141
71.117997
71.016330
71.070806
70.927530
70.787899
70.362168
70.491779
70.321569
69.743205
70.369152
70.104588
69.994029
69.893470
69.692909
68.967850
69.397906
68.959642
68.086451
68.785982
68.636431
68.320612
67.975616
67.043848
67.626004
67.286816
66.967122
65.963124
66.430448
66.209501
65.907345
64.800704
65.292601
64.965794
64.431457
63.313430
64.020283
63.820390
63.660966
63.366021
63.307248
63.492289
62.699638
62.142249
62.518735
62.682888
62.781407
63.023609
62.803571
62.477673
62.959752
64.523162
62.656017
62.835279
61.983554
61.556897
62.353682
63.413979
62.441131
62.048581
61.763226
61.450763
60.963148
61.370821
61.193180
61.426054
61.410901
60.627690
60.130439
60.387295
60.225335
60.087557
59.546617
59.747138
59.931747
60.682556
59.076769
58.280949
58.550999
58.638898
59.269630
58.729364
58.015756
57.460246
57.562709
57.376209
57.058853
57.078699
56.878329
56.930266
57.999980
56.495715
56.068741
56.629100
56.892555
56.357840
57.510808
56.655657
57.464855
56.671400
56.991507
57.711149
56.482107
56.514067
56.965331
56.444566
55.957550
55.946607
55.956394
56.114298
56.127244
55.450252
55.306568
56.105707
55.154635
54.752805
54.894699
55.195712
55.160629
54.696460
54.593216
54.611998
53.656477
52.892797
53.333435
53.268403
53.847825
53.146939
52.747550
52.871418
52.054505
51.337576
51.621483
51.260806
51.095620
50.827008
50.990380
52.973665
52.546920
51.145139
51.730078
50.807784
51.711048
49.673261
49.089063
49.004767
48.594116
50.079065
48.980121
48.014977
47.812332
47.646444
47.720276
47.047556
47.192542
46.448371
46.544786
49.844506
47.988903
46.779010
47.767551
45.550724
45.695653
48.624774
46.987688
46.040866
48.290967
46.645964
45.091986
44.989163
47.365639
45.389759
47.383423
46.003206
45.925783
45.142967
45.837448
46.280613
44.727645
45.680121
46.000919
44.542750
45.184111
45.211237
47.119097
44.888863
46.271113
44.935668
45.232376
44.660924
43.894104
43.776740
45.106787
44.089181
43.642870
43.491190
45.127124
44.233323
44.698650
43.039174
42.662326
43.635303
43.496311
44.540630
42.776509
42.391731
42.292599
42.871817
41.672826
41.331559
42.554368
41.994419
41.083045
41.088917
41.130421
41.233143
41.925847
41.310456
41.071972
42.909173
40.285696
41.052972
41.605371
40.658839
40.959227
41.415929
40.609706
40.935100
41.036732
40.015069
40.682745
40.121362
40.848642
41.078538
40.282869
40.662219
42.083238
40.131452
40.445033
40.944262
40.203201
40.919441
40.143893
40.182061
40.506717
40.050724
40.413136
40.007650
40.361111
39.991026
39.906384
40.343689
40.302320
39.925938
40.121811
40.121569
39.913625
40.063580
39.916900
40.482972
39.791047
40.139349
39.896334
39.891627
40.101492
39.809442
39.729088
39.979462
39.642135
39.792594
39.796146
40.162263
39.760481
39.961220
39.769389
39.877466
39.800501
40.143769
39.718575
39.728720
39.698115
39.803944
39.672646
39.880207
39.716311
39.584138
39.581759
39.579646
39.581147
39.700891
39.553326
39.541703
39.625430
39.636492
39.482220
39.415094
39.483431
39.475406
39.426222
39.338595
39.360786
39.457155
39.619820
39.504918
39.265681
39.323719
39.327804
39.303581
39.261261
39.357259
39.301624
39.299440
39.359271
39.215559
39.421801
39.202698
39.156740
39.356107
39.279714
39.210218
39.188977
39.281268
39.407795
39.251991
39.108299
39.098347
39.232790
39.121999
39.033661
39.042330
39.084902
39.050193
39.067604
39.026126
39.072525
39.025424
39.000410
39.019321
39.020878
39.064830
39.046581
38.890548
38.951761
39.108932
38.958562
39.056880
38.946713
38.902917
39.059225
38.994179
38.872990
38.805537
38.883520
39.147937
38.946550
38.934539
38.884672
38.824868
38.846331
38.813243
38.864675
38.846304
38.847395
38.662740
38.634211
38.942956
38.820876
38.713293
38.708650
38.805927
38.803850
38.758410
38.762043
38.843498
38.736697
38.672189
38.709497
38.669483
38.705570
38.701155
38.709983
38.666993
38.612332
38.649395
38.662198
38.582597
38.550487
38.577282
38.657594
38.602263
38.581578
38.469227
38.511720
38.530395
38.506552
38.561048
38.507320
38.506294
38.595006
38.473775
38.554447
38.553994
38.571462
38.539212
38.532501
38.612485
38.542993
38.481712
38.505850
38.456420
38.565000
38.486288
38.488089
38.554084
38.483149
38.512955
38.443469
38.539905
38.493384
38.429156
38.455935
38.490170
38.488040
38.531720
38.483822
38.456324
38.527938
38.481442
38.454283
38.466208
38.511119
38.471929
38.507841
38.430007
38.528780
38.480267
38.501769
38.460757
38.504579
38.477821
38.474977
38.491611
38.463895
38.491834
38.496782
