 DIM = 11
1 199.878
3 199.878
4 199.878
5 199.878
7 184.137
8 173.566
9 28.4161
18 28.4161
31 26.3927
66 26.3076
67 25.6434
79 25.4905
80 24.619
85 22.734
87 18.0806
132 15.528
135 13.5767
168 13.5767
176 13.5767
177 13.5767
184 13.5767
245 13.5767
262 13.5203
277 13.5203
298 11.8861
303 11.8861
318 11.8861
340 11.7469
342 11.7225
343 11.7184
358 10.9584
366 10.9584
376 10.9584
397 10.8444
402 10.8444
416 10.8444
423 10.8444
433 10.8444
442 10.8444
461 9.15985
464 9.1585
468 9.1585
475 9.1585
493 9.03987
500 9.03987
506 9.03987
522 8.93122
523 8.93122
531 8.93122
532 8.93122
538 8.93122
539 8.80311
549 8.80311
550 8.80311
567 8.68182
568 8.52693
575 8.52692
590 8.24517
591 7.96835
594 7.96835
595 7.96835
596 7.96835
603 7.96835
607 7.96835
623 7.95105
625 5.86061
636 5.86061
667 4.72899
668 4.72899
676 4.72899
681 4.72898
698 3.88191
699 3.76152
702 3.25744
703 2.77654
707 2.75867
708 2.30598
711 2.20014
713 2.19339
727 2.12542
739 2.03833
749 2.0236
754 2.02103
756 2.02102
762 2.01528
764 2.00592
768 2.00592
774 2.00579
793 2.00579
812 2.00367
814 2.00367
826 2.00367
828 2.00367
843 2.00367
851 2.00367
852 2.00367
892 2.00367
928 2.00367
958 2.00367
961 2.00367
990 2.00367
991 2.00367
1034 2.00367
1042 2.00367
1081 2.00367
1158 2.00367
1169 2.00367
1204 2.00367
