 DIM = 9
1 22.4125
3 21.066
4 20.523
19 19.0157
20 18.9278
23 18.8495
25 18.6171
26 18.5352
29 17.1441
30 15.2181
37 15.1401
38 14.0101
41 12.9704
42 10.9055
44 10.8205
45 10.5703
48 8.45565
49 6.99191
57 6.9231
64 5.96789
78 5.41951
89 5.39732
93 5.22611
97 4.31595
108 4.30332
112 4.09055
122 3.89454
161 3.85947
164 3.26875
170 3.257
178 3.15738
197 3.10447
200 2.78238
205 2.24185
209 2.13805
244 2.00018
252 1.87676
275 1.724
280 1.68022
284 1.42378
291 1.28655
292 1.1098
299 1.1098
306 0.961498
307 0.914835
310 0.891145
321 0.793107
322 0.638821
323 0.627794
339 0.61026
341 0.599488
346 0.576374
363 0.556075
368 0.549185
370 0.547523
376 0.543323
380 0.522498
387 0.510611
409 0.495751
410 0.49148
443 0.49148
461 0.479001
493 0.469941
494 0.46488
501 0.450133
502 0.428579
505 0.42808
506 0.405325
512 0.400392
513 0.393409
514 0.379675
515 0.355422
523 0.35402
529 0.32661
530 0.323727
541 0.293664
542 0.283283
549 0.272059
557 0.260893
612 0.260459
617 0.258168
620 0.257696
624 0.256835
627 0.256615
629 0.25327
630 0.251483
645 0.250362
646 0.249964
648 0.24912
649 0.247819
653 0.247804
655 0.244963
659 0.244963
664 0.244561
668 0.242415
669 0.24198
676 0.24198
677 0.241197
679 0.240646
680 0.239305
681 0.238794
682 0.236103
684 0.235076
685 0.23118
687 0.230521
688 0.229181
689 0.226913
690 0.22078
694 0.218199
695 0.217918
696 0.209577
697 0.207981
698 0.205304
699 0.198207
700 0.196989
701 0.184507
704 0.184045
705 0.174125
707 0.172326
708 0.167779
719 0.16307
722 0.16307
727 0.155421
731 0.147164
742 0.139562
761 0.136389
764 0.136389
768 0.135489
775 0.134975
779 0.131781
780 0.131781
785 0.131765
787 0.131731
793 0.131052
822 0.12981
838 0.129472
842 0.12734
843 0.126449
844 0.125102
861 0.122016
862 0.121021
935 0.12069
943 0.12069
971 0.120459
972 0.120177
1016 0.120167
1041 0.120167
1043 0.120167
1045 0.120166
1050 0.120166
1056 0.120166
1061 0.120166
1073 0.120166
1077 0.120166
1078 0.120166
1093 0.120166
1110 0.120166
1146 0.120166
1164 0.120166
1168 0.120166
1178 0.120166
1209 0.120166
1215 0.120166
1278 0.120166
1289 0.120166
1328 0.120166
1367 0.120166
1407 0.120166
1451 0.120166
1477 0.120166
1478 0.120166
