 DIM = 10
1 190072
12 111438
16 104585
18 101418
21 99546.9
47 99150.6
48 92173.7
57 84585.2
62 84214.7
63 68509.4
68 67623.1
70 67438.3
71 52271.3
97 44939.3
117 40201.6
140 35832
153 32826.5
169 28426
202 26086.7
210 22934.6
230 22835.4
234 19525.6
241 18475
261 17931.8
266 16292.5
312 15428.1
320 12449.2
329 11599.1
350 11369
383 10887.7
384 7440.2
400 7282.33
420 6010.86
424 5914.9
428 5624.2
454 5373.28
476 4855.43
480 3288.86
499 2850.69
508 2107.59
525 1917.92
527 1888.3
529 1592.86
540 1561.15
542 1455.72
544 1404.33
546 1364.49
550 1345.52
556 1340.54
558 1223.93
562 1179.11
599 1065.41
602 878.548
619 832.882
625 695.729
642 663.502
664 661.402
668 659.368
686 626.884
691 500.009
723 404.194
740 376.476
745 357.148
750 355.065
752 309.948
762 296.195
768 286.67
770 285.428
776 282.154
779 276.048
783 274.868
786 263.194
788 260.429
790 242.624
828 227.279
860 190.161
863 162.507
867 147.614
877 110.475
892 98.9529
903 85.6302
916 84.9337
923 71.7231
930 71.7231
947 65.9091
962 63.9242
968 63.6319
969 62.7986
976 61.329
984 57.8646
996 54.0597
999 53.2315
1017 52.9577
1021 47.0762
1025 38.8667
1058 31.258
1070 28.1011
1089 25.5568
1094 24.4426
1113 24.2215
1119 22.4644
1129 19.3962
1142 19.1135
1151 19.1135
1154 18.7026
1158 18.5287
1161 18.3222
1162 17.2764
1171 16.9471
1182 15.3345
1202 15.1224
1247 15.0413
1250 14.2207
1253 14.064
1258 13.8919
1274 13.6307
1287 13.3576
1304 13.2096
1311 13.1571
1315 13.1074
1322 13.0967
1328 13.057
1331 12.8029
1336 12.6579
1366 12.2588
1367 12.1211
1368 11.8189
1373 8.89566
1389 8.87445
1392 8.61249
1397 7.81138
1402 7.41009
1411 6.61812
1419 6.4298
1421 6.07319
1431 5.47439
1451 4.69458
1471 4.66797
1473 4.56616
1482 4.26825
1492 4.25389
1496 4.22635
1500 4.12753
1512 4.10033
1515 3.78563
1542 2.87073
1552 2.79705
1569 1.8655
1605 1.84225
1612 1.71515
1615 1.58484
1623 1.48193
1635 1.39216
1639 1.37451
1650 1.36524
