 DIM = 3
1 50
2 34.1854
6 13.1644
15 11.1278
19 3.82928
56 3.80544
60 2.38833
79 2.38795
90 2.32282
94 2.2216
99 2.09858
103 2.08811
131 1.96414
132 1.86098
137 1.76902
138 1.75281
140 1.68007
141 1.39813
157 1.26171
163 1.16822
166 1.04653
174 0.987114
177 0.933998
189 0.847163
220 0.743487
221 0.607402
224 0.607402
227 0.578238
229 0.553929
230 0.439797
231 0.392525
234 0.390645
236 0.33741
239 0.209958
240 0.165441
250 0.16089
252 0.155968
254 0.128955
256 0.105501
257 0.0780682
261 0.0739098
264 0.0626019
267 0.0603732
269 0.0466044
270 0.0346864
274 0.0197475
276 0.00836567
308 0.00692086
319 0.0063475
320 0.00622524
323 0.00597491
327 0.0052735
336 0.00206103
345 0.00203704
372 0.00169779
376 0.0016005
378 0.00155797
384 0.00138286
385 0.00121821
386 0.000934538
393 0.000677655
397 0.000282171
405 0.000255927
423 0.000255231
427 0.000158524
444 0.000125236
446 0.00011984
448 8.52582e-05
449 2.58436e-05
471 2.13836e-05
474 1.35273e-05
482 1.01618e-05
493 7.91636e-06
502 5.66364e-06
526 4.53818e-06
531 3.40909e-06
536 2.27636e-06
539 1.14e-06
