 DIM = 8
1 0.346953
39 0.25511
40 0.230206
45 0.221028
55 0.219715
62 0.201299
68 0.201281
73 0.198608
108 0.198307
115 0.19219
136 0.189051
146 0.186012
148 0.179627
159 0.177683
211 0.177683
212 0.177221
215 0.177221
221 0.177221
225 0.177221
227 0.177221
236 0.17645
243 0.176099
251 0.176099
261 0.175598
262 0.175598
290 0.175598
305 0.175598
307 0.175598
345 0.175598
351 0.175457
358 0.175457
360 0.175457
361 0.175457
381 0.17523
422 0.17523
423 0.175229
437 0.175229
488 0.175229
522 0.175229
529 0.175229
532 0.175229
541 0.175229
542 0.175229
549 0.175229
550 0.175229
554 0.175229
561 0.175229
562 0.175229
569 0.175229
573 0.175229
574 0.175229
582 0.175229
583 0.175229
590 0.175229
591 0.175229
592 0.175229
593 0.175229
594 0.175229
595 0.175229
602 0.175229
603 0.175229
606 0.175229
609 0.175229
610 0.175229
621 0.175229
622 0.175229
645 0.175229
662 0.175229
669 0.175229
675 0.175229
678 0.175229
685 0.175229
686 0.175229
701 0.175229
702 0.175229
721 0.175229
724 0.175229
732 0.175229
735 0.175229
742 0.175229
743 0.175229
749 0.175229
750 0.175229
751 0.175229
756 0.175229
757 0.175229
761 0.175229
762 0.175229
766 0.175229
767 0.175229
768 0.175229
769 0.175229
770 0.175228
771 0.175228
774 0.175228
775 0.175228
781 0.175228
807 0.175228
862 0.175228
868 0.175228
869 0.175228
881 0.175228
886 0.175228
914 0.175228
936 0.175228
956 0.175228
957 0.175228
979 0.175228
996 0.175228
1001 0.175228
1020 0.175228
1024 0.175228
1038 0.175228
1056 0.175228
1068 0.175228
1081 0.175228
1116 0.175228
1132 0.175228
1133 0.175228
1170 0.175228
1192 0.175228
1218 0.175228
