 DIM = 6
1 0.329089
22 0.307558
27 0.261579
45 0.25909
46 0.20007
48 0.177714
49 0.172945
50 0.113427
73 0.109214
78 0.108795
80 0.102911
85 0.0968471
97 0.0853762
113 0.0847976
120 0.0751296
123 0.073803
134 0.0710188
136 0.0684392
152 0.0678686
156 0.0667079
157 0.06619
160 0.0653297
167 0.065262
210 0.065119
217 0.064735
221 0.0642471
225 0.0640011
245 0.063975
255 0.0637443
288 0.0636514
306 0.0636514
307 0.0636514
311 0.0636514
312 0.0636514
313 0.0636514
314 0.0636514
318 0.0636514
319 0.0636514
322 0.0636513
323 0.0636513
326 0.0636513
327 0.0636513
330 0.0636513
331 0.063595
333 0.063595
334 0.0634385
335 0.0634385
336 0.0631384
339 0.0630599
340 0.0627254
342 0.0625444
343 0.0620547
346 0.0617822
347 0.0611831
350 0.0610044
351 0.060523
355 0.0603695
356 0.0599501
361 0.0597495
362 0.0591146
363 0.0590396
364 0.0579044
371 0.0572618
372 0.057138
376 0.0565079
377 0.0562537
383 0.0562056
386 0.0557207
387 0.0555853
388 0.0555262
394 0.0551295
395 0.0548628
402 0.0544924
418 0.0541028
419 0.0538587
430 0.053827
431 0.0535459
433 0.0535459
434 0.0534614
436 0.0531045
437 0.0531045
438 0.0530355
444 0.0529329
447 0.052728
456 0.0524863
457 0.0524863
477 0.0524738
482 0.0523419
495 0.0523287
498 0.0523174
511 0.0522012
512 0.0521243
513 0.0520052
526 0.0519942
527 0.0519776
554 0.0518076
567 0.051325
575 0.0507778
589 0.0507549
590 0.0504867
592 0.0502847
596 0.0502576
597 0.0498635
600 0.0497842
602 0.0496777
613 0.0495182
617 0.0493032
667 0.0493032
678 0.0493032
683 0.0493032
689 0.0493032
731 0.0493032
732 0.0493032
734 0.0493031
787 0.0493031
791 0.0493031
793 0.0493031
829 0.0493031
830 0.0493031
866 0.0493031
870 0.0493031
913 0.0493031
