 DIM = 6
1 70.5752
4 66.9865
6 62.5518
9 38.6617
11 25.4397
16 7.73488
22 6.03435
42 2.32878
92 1.01282
101 0.845501
103 0.748329
105 0.420563
113 0.386371
126 0.258352
128 0.229318
134 0.074435
142 0.0729493
145 0.0547088
147 0.0473617
149 0.026928
152 0.020465
156 0.0115437
164 0.00812899
169 0.00703633
171 0.00546465
174 0.00374092
176 0.0027441
185 0.00205993
189 0.00178511
191 0.00103465
203 0.000753053
213 0.000730071
224 0.000712208
237 0.000705691
239 0.000698122
250 0.000694684
280 0.000691238
281 0.000684666
283 0.0006812
285 0.000680848
288 0.000678411
289 0.000677009
303 0.000670383
315 0.000670014
328 0.000664411
330 0.000652511
353 0.000651069
376 0.000639129
377 0.000613507
409 0.000610967
415 0.000604211
424 0.000599546
425 0.000593817
430 0.000592298
431 0.000590775
434 0.000587132
435 0.000582421
439 0.00058194
440 0.000575091
452 0.000570351
453 0.0005656
455 0.000562967
456 0.000559263
459 0.000558749
460 0.000558234
461 0.000553442
465 0.000551848
467 0.000548109
475 0.000546505
479 0.000545969
487 0.000545432
488 0.000544892
492 0.000544349
493 0.000542728
499 0.000541103
500 0.000540553
506 0.00053892
513 0.000538364
532 0.000537806
546 0.000531831
547 0.000530179
549 0.000523097
571 0.000521432
572 0.000518675
586 0.000518088
600 0.000515321
621 0.000513638
622 0.000510859
624 0.000506981
636 0.000502001
639 0.000493726
683 0.000486531
684 0.000484804
690 0.000481976
692 0.000478042
698 0.0004686
699 0.000461341
704 0.000454067
729 0.000453398
731 0.000452726
733 0.000448737
735 0.000448058
737 0.000447377
761 0.000438935
763 0.000436023
766 0.000435326
770 0.000426846
771 0.000419462
778 0.000415404
779 0.000414682
781 0.000411726
792 0.000409881
794 0.000408032
799 0.000407297
803 0.00040656
805 0.000402458
806 0.000399469
812 0.000397598
813 0.000395722
814 0.000394967
815 0.000393084
818 0.000390069
820 0.000387048
821 0.00038628
822 0.000380987
842 0.000374553
866 0.000372636
880 0.000370715
893 0.000365385
894 0.000364588
923 0.000363789
925 0.000362988
937 0.000362185
950 0.00036024
