 DIM = 2
1 6.6
7 5.80538
9 5.20063
11 2.19208
22 2.1118
25 2.0595
26 2.05738
45 2.04796
47 2.02763
48 2.01473
61 1.99951
68 1.98114
76 1.98063
78 1.9622
79 1.9507
82 1.92364
86 1.92136
87 1.91597
88 1.89269
89 1.8727
91 1.86469
92 1.8569
95 1.85099
98 1.82926
99 1.81475
100 1.7952
104 1.79235
105 1.79235
106 1.75049
109 1.72307
116 1.71626
117 1.71625
118 1.70082
121 1.68494
126 1.67857
127 1.66579
131 1.66117
132 1.65436
133 1.63713
136 1.61618
141 1.60599
142 1.59626
146 1.59546
148 1.57891
151 1.57181
155 1.5657
156 1.5604
157 1.55273
159 1.55273
161 1.52921
162 1.52201
164 1.50673
165 1.49016
170 1.46689
175 1.45061
176 1.43555
180 1.41451
181 1.41075
184 1.38976
186 1.36762
187 1.36285
192 1.36144
193 1.34601
198 1.33815
199 1.3316
201 1.31558
202 1.31181
206 1.31083
208 1.30403
210 1.30298
212 1.29621
214 1.29509
217 1.28843
219 1.28073
222 1.27937
223 1.27441
224 1.26784
225 1.25829
227 1.23859
228 1.22257
232 1.20793
233 1.20231
234 1.19275
238 1.18391
241 1.18117
242 1.17173
245 1.17112
246 1.15726
250 1.15441
251 1.15245
252 1.14873
253 1.14682
257 1.13877
258 1.13194
260 1.1229
261 1.11251
265 1.091
266 1.08604
269 1.07495
270 1.05359
274 1.04325
275 1.02641
277 0.986321
278 0.986015
281 0.939203
282 0.917704
287 0.892248
292 0.879202
293 0.861615
296 0.839157
297 0.827733
301 0.812477
306 0.799536
307 0.792436
310 0.77708
311 0.774219
314 0.765165
315 0.742453
316 0.717385
317 0.71644
320 0.702204
323 0.698521
324 0.684947
328 0.678656
329 0.674489
330 0.660487
331 0.656207
332 0.649638
334 0.647084
336 0.632917
338 0.629141
340 0.62493
342 0.602334
345 0.566153
351 0.556219
357 0.555902
358 0.548206
359 0.541487
360 0.514456
369 0.425494
371 0.423496
385 0.403307
387 0.34452
392 0.343264
393 0.31321
396 0.294047
397 0.272784
406 0.254483
414 0.192168
424 0.170495
426 0.142499
429 0.112859
