 DIM = 2
1 1.79577e+06
3 1.2124e+06
4 251015
5 48671
10 3635.95
11 972.997
18 935.36
22 441.697
26 151.225
29 25.42
63 23.8406
79 19.0968
80 15.945
85 14.3061
86 12.0934
106 10.2902
114 9.81738
122 8.6468
130 8.45445
132 8.35366
140 8.03089
148 7.03538
156 5.99654
164 5.05823
174 4.75808
175 4.48758
177 4.30722
179 3.97271
180 3.75581
184 3.3756
188 3.33922
189 3.23523
190 2.89097
192 2.66981
193 2.32943
197 1.96807
198 1.88273
203 1.78083
205 1.71349
206 1.68228
208 1.58227
211 1.4778
215 1.41143
216 1.38043
217 1.30603
218 1.30472
219 1.15208
220 1.05468
223 0.869872
224 0.767711
227 0.67035
229 0.548844
233 0.492606
234 0.455025
236 0.286208
237 0.224168
244 0.187771
250 0.130042
259 0.129469
265 0.0818623
272 0.0704741
273 0.0617706
275 0.0446293
276 0.0321154
286 0.0223893
294 0.00862978
301 0.00549919
303 0.00351583
304 0.00110552
317 0.00102495
320 0.000251008
323 4.64339e-05
335 3.06288e-05
347 6.8176e-06
356 3.4144e-06
362 0
