 DIM = 12
1 1.13405e+07
14 1.00745e+07
15 6.22232e+06
20 5.60504e+06
21 4.76729e+06
23 4.72608e+06
33 4.71544e+06
39 4.19115e+06
59 4.0353e+06
61 3.84586e+06
72 3.80389e+06
75 3.19763e+06
95 3.17306e+06
97 2.96571e+06
125 2.71182e+06
128 2.50159e+06
153 2.44206e+06
154 2.01098e+06
168 1.94903e+06
172 1.82042e+06
174 1.81581e+06
186 1.7602e+06
198 1.69063e+06
207 1.58862e+06
233 1.49248e+06
236 1.46938e+06
238 1.39478e+06
240 1.33375e+06
255 1.33281e+06
260 1.32063e+06
263 1.30615e+06
290 1.27046e+06
321 1.24438e+06
326 1.24345e+06
338 1.09572e+06
363 1.07704e+06
367 1.06781e+06
368 1.01871e+06
374 995393
385 861109
403 815810
414 752868
438 695462
447 520786
501 520773
521 506599
523 469810
542 340908
574 281389
615 249640
630 247238
654 242564
664 231708
671 217418
682 213355
693 208996
699 194489
700 150852
738 147594
741 121110
767 121110
775 119621
779 106694
782 88095
794 85800.5
817 81620.7
821 78934.3
828 70154
833 69284.2
851 66717
859 62482.9
888 59524.3
892 47216.3
920 39667.5
946 35897.4
989 30021.3
992 26865.2
997 26780.7
1016 23901.3
1024 19740.4
1056 18530.3
1068 14640.5
1094 13586.4
1102 11840.5
1120 9568.75
1164 8606.61
1182 7762.12
1188 6685.02
1197 6050.35
1239 5737.02
1244 5105.64
1262 4347.56
1266 4022.6
1270 3699.08
1278 3635.17
1290 3313.53
1293 3224.39
1304 2900.27
1315 2885.88
1317 2885.87
1325 2863.41
1327 2765.34
1335 2712.91
1338 2568.47
1351 2392.13
1391 2312.57
1392 2268.86
1401 2086.25
1409 1953.11
1426 1905.63
1449 1793.78
1468 1680.32
1475 1516.22
1495 1248.39
1537 1163.79
1544 1083.34
1549 1046.09
1570 898.855
1580 788.715
1585 486.125
1611 475.645
1637 391.64
1650 380.457
1656 300.63
1682 262.413
1690 244.241
1703 226.456
1705 204.137
1707 187.726
1724 163.344
1754 161.852
1756 151.25
1757 135.078
1760 95.9408
1795 81.6254
1827 61.8576
1877 60.1277
1879 59.7835
1880 59.7616
1904 53.2474
1909 43.1209
1914 39.0547
1935 37.2118
1940 36.5406
1944 34.1027
