 DIM = 6
1 70.5625
4 67.0556
6 62.5832
9 51.5753
12 50.2118
14 47.8209
44 45.2468
45 41.2122
50 35.5406
53 33.1618
54 25.2312
56 22.9333
58 14.0477
59 3.61193
99 1.98027
120 1.41074
123 1.22895
124 0.872857
133 0.763523
138 0.566214
166 0.532746
171 0.394204
190 0.207648
205 0.159575
206 0.119368
217 0.0841714
238 0.0661567
242 0.063489
247 0.0570861
248 0.0356285
258 0.0331927
264 0.0327821
266 0.0324421
270 0.0321013
271 0.030731
273 0.0272866
281 0.0247811
286 0.0244676
289 0.0243651
290 0.024161
292 0.00116409
313 0.000987367
315 0.000927654
359 0.000885647
392 0.000884514
394 0.000884429
397 0.000882235
401 0.000881089
409 0.000879938
422 0.000879839
425 0.00087868
438 0.00086799
450 0.000863633
451 0.000860325
463 0.000851698
465 0.000850492
466 0.000847153
480 0.000834216
481 0.000823382
491 0.000821065
524 0.000808052
525 0.00080571
536 0.000791578
548 0.000780631
549 0.000776099
555 0.000771556
558 0.00076485
559 0.000751666
560 0.000738452
579 0.000734922
580 0.000727061
581 0.000710529
627 0.00070154
629 0.000675189
641 0.000669394
653 0.000665758
654 0.000658851
676 0.000658458
679 0.000654794
680 0.000652212
686 0.000651807
691 0.000651399
699 0.000649894
706 0.000640719
708 0.000639197
721 0.000638769
746 0.000638338
758 0.000637905
759 0.00063747
760 0.000637032
762 0.000631075
774 0.000629523
775 0.00062686
777 0.000624191
789 0.000622622
813 0.000617722
814 0.000617251
817 0.000612333
818 0.000608515
851 0.000606916
853 0.000603082
855 0.000600355
858 0.000586451
873 0.000583699
899 0.000582059
900 0.000581535
903 0.000575401
911 0.000573744
915 0.000569835
916 0.000569291
928 0.000563115
942 0.000549033
943 0.000541692
976 0.000537724
978 0.000529224
985 0.000522969
992 0.000522366
999 0.000520626
1000 0.000520018
1003 0.00051486
1004 0.00051083
1017 0.000506789
1040 0.00049932
