 DIM = 3
1 1.69338e+09
6 7.942e+08
8 2.05233e+07
24 1.28398e+07
30 7.18577e+06
33 1.60609e+06
66 1.51422e+06
68 706336
70 112969
77 78151.3
81 46322.7
93 27868.7
95 20282.3
130 20175.8
133 19740.7
136 19515.6
142 19405.2
146 19344.5
156 19344.5
167 19167.7
180 19167.7
185 19131.4
189 19131.4
205 19131.4
206 19120.9
214 19062.8
233 19050.1
234 19043.1
245 19026.2
254 18896.4
263 18775.8
274 18755.7
275 18687.3
276 17980.6
294 17876.4
296 17574.5
309 17496.9
327 17404.9
331 17307.7
332 17280.1
350 17226.6
353 17158.8
363 17111.8
372 16917.8
381 16468.7
397 16363.1
400 16363.1
432 16286.5
441 16268.5
443 16268.5
445 16216.6
446 16195.1
448 16181.2
459 15964
471 15794.9
502 15794.9
504 15636.8
506 15477.2
515 15477.2
518 15446
529 15169.8
554 14971.8
556 14826.5
557 14487.7
567 14374.2
569 14117.8
594 13931.8
595 13931.8
