11189.000000
11189.000000
11357.300000
11329.250000
11301.200000
11273.150000
11245.100000
11189.000000
11132.900000
11020.700000
11072.792857
11035.583673
10995.757580
10857.061370
10912.939400
10890.164943
10804.783498
10612.675248
10640.119283
10632.705405
10554.806512
10314.417932
10367.895309
10319.929025
10179.778935
9824.585930
9917.889525
9928.480252
9734.686944
9285.677713
9375.574948
9336.834784
9103.916998
8495.910985
8589.854679
8593.327909
8225.472461
7379.263929
7620.112626
7567.562944
7100.796869
5982.777911
6208.268283
6219.172478
5545.307937
4023.034566
4361.286940
4305.992246
3426.664585
1356.215405
1894.092594
1818.446934
575.116459
2245.459452
748.439299
585.727253
1926.923844
3342.811424
1502.349926
2728.453819
764.079428
1850.897482
915.649963
2555.279507
726.015324
1401.050282
676.200230
1651.805099
605.210279
1053.448909
424.375245
998.936713
324.325393
1104.471985
286.211478
658.047438
988.303107
262.033133
607.407943
292.892425
745.325826
269.508245
688.555564
268.156548
712.080436
255.300062
480.358158
199.236296
416.277317
140.276435
322.876347
141.670907
376.364754
121.704839
289.338682
132.651583
360.644063
112.107877
274.673455
130.733424
303.967667
118.607058
239.556264
90.817734
164.721393
69.208610
174.005023
63.162814
152.270285
65.654884
169.633589
60.279033
132.033268
59.912207
157.030365
54.610905
118.447987
56.185042
107.368824
43.066207
80.469172
37.467997
85.639315
33.994966
67.099257
32.855403
79.662116
31.692640
62.629668
31.625271
65.673276
28.007419
64.942748
30.947221
50.412619
22.327636
41.843750
24.311867
41.300566
22.294667
36.077053
18.777844
38.044141
21.443661
34.758819
18.247776
37.040535
21.165539
30.950682
16.969630
26.364073
18.869850
25.939012
15.744311
22.671713
18.197547
22.962090
17.686606
24.321290
17.380610
21.258037
16.502303
19.592215
15.680786
20.010115
15.550446
18.238252
16.430081
18.046023
16.185958
18.277390
16.014476
17.917294
15.522168
16.273230
18.049354
15.616240
16.219364
15.642485
16.540206
15.606072
16.514714
15.533634
15.886565
15.433526
15.921380
15.417940
15.626362
15.428042
15.868909
15.426267
15.983265
15.413966
15.486895
15.639762
15.411732
15.563611
15.407558
15.555265
15.397363
15.460314
15.388998
15.468312
15.383467
15.427916
15.388466
15.453011
15.378603
15.416060
15.387641
15.423151
15.386957
15.423739
15.376006
15.410556
15.385921
15.391667
15.376668
15.391049
15.384174
15.391763
15.383513
15.393067
15.382926
15.392281
15.382193
15.387164
15.381179
15.387193
15.380682
15.384835
15.375993
15.383776
15.380438
15.382776
15.379946
15.379904
15.386186
15.378616
15.387386
15.378364
15.387215
15.378005
15.379441
15.378048
15.377031
15.379082
15.375397
15.379164
15.377283
15.378742
15.377070
15.379714
15.376982
15.376956
15.379156
15.376313
15.377089
15.375171
15.378811
15.376267
15.377045
15.375173
15.377177
15.376126
15.375868
15.377484
15.375807
15.377268
15.375713
15.376104
15.375102
15.376628
15.375651
15.376061
15.375115
15.375621
15.376277
15.375461
15.376242
15.375417
15.375668
15.375059
15.375224
15.375611
15.375277
15.375674
15.375259
15.375178
15.375469
15.375167
15.375265
15.375027
15.375274
15.375038
15.375021
15.375234
15.375083
15.375298
15.375108
15.375081
15.375208
15.375069
15.375223
15.375064
15.375093
15.375009
15.375101
15.375011
15.375015
15.375074
15.375043
15.375076
15.375040
15.375011
15.375049
15.375027
15.375051
15.375025
15.375009
15.375046
15.375018
15.375046
15.375016
15.375035
15.375014
15.375025
15.375012
15.375023
15.375011
15.375018
15.375002
15.375011
15.375020
15.375008
15.375013
15.375001
15.375014
15.375007
15.375013
15.375001
15.375015
15.375008
15.375013
15.375002
15.375003
15.375006
15.375020
15.375005
15.375021
15.375004
15.375006
15.375004
15.375003
15.375005
15.375003
15.375009
15.375003
15.375002
15.375006
15.375002
15.375003
15.375002
15.375003
15.375002
15.375000
15.375002
15.375002
15.375002
15.375002
15.375002
15.375001
15.375000
15.375002
