 DIM = 9
1 1124.05
11 922.061
12 502.764
18 417.347
28 337.21
34 321.109
37 197.669
70 176.617
86 76.2569
88 73.3233
92 56.2013
94 50.2103
96 36.9011
193 36.9011
224 36.9011
266 36.9011
324 36.9011
339 36.9011
397 36.9011
400 36.9011
401 36.9011
438 36.9011
447 36.9011
448 36.9011
453 36.9011
454 36.9011
482 36.9011
497 36.9011
513 36.9011
544 36.9011
553 36.9011
555 36.9011
559 36.9011
571 36.9011
572 36.9011
593 36.9011
604 36.9011
607 36.9011
608 36.901
624 36.901
642 36.901
648 36.901
663 36.901
683 36.901
711 36.901
726 36.901
764 36.901
768 36.901
772 36.901
796 36.901
799 36.901
801 36.901
803 36.901
805 36.901
806 36.901
846 36.901
862 36.901
870 36.901
887 36.901
888 36.901
913 36.901
949 36.901
950 36.901
962 36.901
984 36.901
1001 36.9009
