 DIM = 4
1 0.195153
2 0.168868
5 0.123791
22 0.105932
25 0.0989466
29 0.098304
46 0.0942679
69 0.0797332
77 0.0779846
80 0.0748937
88 0.0725012
89 0.0552746
102 0.0543664
134 0.0542891
147 0.0512231
164 0.0477816
184 0.047453
189 0.0473665
193 0.0472622
195 0.0472209
201 0.0470083
245 0.0470083
246 0.0470083
256 0.0468272
257 0.0458444
266 0.0455368
271 0.0454235
272 0.0451904
275 0.0450736
281 0.0449481
287 0.0447924
289 0.0447924
290 0.0447859
294 0.0447716
297 0.0447716
301 0.0446517
302 0.0444571
306 0.0444234
310 0.0443208
318 0.0442515
326 0.0442514
328 0.0442514
332 0.0442514
334 0.0442514
365 0.0442514
382 0.0442514
386 0.0442514
390 0.0442514
393 0.0442514
422 0.0442514
428 0.0442514
440 0.0442514
442 0.0442514
465 0.0442514
524 0.0442514
