 DIM = 12
1 1808.85
14 945.936
15 164.137
26 144.452
29 135.057
34 108.82
73 97.7704
77 79.3565
78 73.3092
81 71.3662
86 62.4417
92 58.6016
110 58.0908
116 55.5025
123 54.8539
131 54.3391
133 52.9352
135 52.3808
143 50.8208
162 48.8352
165 46.5626
170 44.6071
197 44.1601
210 43.2623
212 41.8446
217 40.8716
224 39.3789
249 38.3248
256 36.4513
261 36.1211
282 35.8471
285 35.4607
287 35.2413
289 34.6502
316 33.5716
338 32.8144
342 32.2789
351 31.132
359 30.6204
362 30.5423
384 28.7718
418 28.446
441 28.446
451 28.3849
462 28.3222
484 27.8527
504 27.7909
513 27.7828
519 27.774
523 27.774
542 27.774
551 27.6343
581 27.6343
584 27.5815
596 27.5754
606 27.5754
643 27.5754
669 27.5754
673 27.5754
720 27.5754
733 27.5754
739 27.5754
750 27.5754
754 27.5754
809 27.5754
816 27.5754
876 27.5754
880 27.5754
884 27.5754
911 27.5754
918 27.5754
992 27.5754
1001 27.5754
1005 27.5754
1008 27.5754
1019 27.5754
1038 27.5754
1039 27.5753
1053 27.5753
1092 27.5753
1131 27.5753
1150 27.5753
1153 27.5753
1156 27.5753
1178 27.5753
1181 27.5753
1182 27.5753
1201 27.5753
1202 27.5753
1222 27.5753
1227 27.5753
1270 27.5753
1276 27.5753
1282 27.5753
1289 27.5753
1295 27.5753
1304 27.5753
1305 27.5753
1307 27.5753
1308 27.5753
1319 27.5753
1320 27.5753
1322 27.5753
1323 27.5753
1329 27.5753
1330 27.5753
1332 27.5753
1333 27.5753
1339 27.5753
1340 27.5753
1341 27.5753
1342 27.5753
1345 27.5753
1349 27.5753
1352 27.5752
1355 27.5752
1381 27.5752
1411 27.5752
1415 27.5752
1418 27.5752
1420 27.5752
1422 27.5752
1430 27.5752
1432 27.5752
1447 27.5752
1455 27.5752
1483 27.5752
1495 27.5752
1503 27.5752
1504 27.5752
1540 27.5752
1555 27.5752
1573 27.5752
1605 27.5752
1626 27.5752
1629 27.5752
1630 27.5752
1678 27.5752
1683 27.5752
1691 27.5752
1693 27.5752
1702 27.5752
1706 27.5752
1710 27.5752
1715 27.5752
1716 27.5752
1725 27.5752
1726 27.5752
1738 27.5752
1759 27.5752
1797 27.5751
1802 27.5751
1825 27.5751
1851 27.5751
1852 27.5751
1897 27.5751
1898 27.5751
1907 27.5751
1915 27.5751
1926 27.5751
1930 27.5751
1937 27.5751
1943 27.5751
