 DIM = 8
1 9.38789
2 9.38789
4 1.15383
71 0.908844
76 0.908844
78 0.742743
82 0.684046
88 0.583806
94 0.4529
104 0.436653
108 0.421708
112 0.398727
113 0.338462
118 0.31827
119 0.247185
127 0.218449
128 0.205453
154 0.176582
156 0.155363
159 0.127741
160 0.109694
176 0.106844
181 0.0910172
184 0.0824468
225 0.0682462
262 0.0671985
273 0.0645037
275 0.0608941
299 0.0567177
300 0.054917
305 0.0522295
306 0.0522295
313 0.0498966
314 0.0497007
315 0.0487283
318 0.0476409
322 0.0452097
325 0.0421524
334 0.0412716
358 0.0409321
359 0.0395824
403 0.0383296
411 0.0383167
414 0.0381986
416 0.0379175
420 0.0370107
421 0.0361874
425 0.0360302
426 0.0351905
430 0.0348462
432 0.0340262
433 0.0335594
435 0.0330805
436 0.0326569
437 0.0321185
438 0.0308731
440 0.0307558
441 0.029698
442 0.0289219
443 0.026924
448 0.0246577
449 0.0232215
454 0.0215778
456 0.019768
457 0.0193288
464 0.0191672
470 0.0170558
483 0.0161751
485 0.0157637
486 0.0155897
489 0.0152067
495 0.0138856
496 0.0137583
506 0.0136887
523 0.0136705
530 0.0136175
532 0.0135423
551 0.0135313
565 0.0135298
568 0.0134016
622 0.0134016
625 0.0133751
628 0.0133713
630 0.0133537
631 0.0133499
634 0.0133015
635 0.0132605
638 0.0132545
639 0.0132271
640 0.0132271
641 0.0132271
642 0.0132098
645 0.0132015
647 0.0131229
649 0.0130526
650 0.013041
652 0.0129311
653 0.0128082
658 0.0127333
659 0.01267
662 0.0125584
663 0.0125046
666 0.0124099
667 0.0123837
670 0.0122835
677 0.0121251
678 0.0120675
690 0.0118259
691 0.0115969
699 0.0115969
700 0.011513
703 0.0112801
704 0.0111353
706 0.0109623
707 0.0106821
713 0.010207
714 0.00988806
721 0.00956547
722 0.00924462
726 0.00906747
727 0.0087643
730 0.00869186
731 0.00834785
735 0.00819354
738 0.008101
740 0.00785275
742 0.0078121
746 0.00739775
748 0.00724665
750 0.00724261
753 0.00691984
758 0.00647542
759 0.00638561
764 0.00631754
770 0.00580292
775 0.00561832
778 0.00560549
780 0.00550822
786 0.00498186
787 0.00469524
796 0.00460049
797 0.00448252
802 0.00398164
803 0.00373104
812 0.00352859
821 0.00323109
841 0.00306224
846 0.00304874
851 0.00300321
861 0.00290569
862 0.00289759
871 0.0028397
875 0.0028397
884 0.00282226
894 0.00279967
896 0.00278703
902 0.00278547
918 0.00278547
921 0.00278547
924 0.00278547
932 0.00278547
954 0.00278547
968 0.00264791
978 0.00262283
984 0.00261779
985 0.00261051
989 0.00260546
995 0.00259816
998 0.00258078
999 0.00257234
1004 0.00255828
1005 0.00255093
1007 0.00204471
1009 0.00144252
1011 0.00142322
1037 0.00139379
1054 0.00131487
1090 0.00126284
1094 0.00120624
1098 0.00117885
1099 0.00111649
1101 0.000595234
1115 0.000468137
1130 0.000409734
1156 0.00038853
1159 0.000268976
1199 0.000247657
1211 0.000244416
1213 0.000230981
1215 0.000217529
1220 0.000206328
1223 0.000179231
1234 0.000164586
1249 0.000162416
1254 0.000132968
1269 0.000106895
1271 7.62386e-05
1314 6.83156e-05
1324 1.82287e-05
1326 1.71e-05
