 DIM = 4
1 3.08106e+11
2 3.07207e+11
3 3.07207e+11
6 8.36609e+10
7 6.57282e+08
9 3.41862e+08
20 1.7462e+08
22 8.69619e+07
25 5.15217e+07
27 2.52048e+07
31 1.2837e+07
39 1.17323e+07
73 4.75074e+06
79 1.68379e+06
82 980563
83 426350
85 397931
87 208797
94 141694
114 117579
130 101639
141 95753.7
163 94938.9
175 92822
184 92822
193 92822
201 92822
207 92822
226 92822
230 92821.9
232 92821.9
234 92821.9
238 92821.9
240 92821.9
249 92821.9
277 92821.9
279 92821.9
281 92821.9
283 92821.9
290 92821.8
301 92821.8
310 92821.8
328 92821.8
330 92821.8
340 92821.8
