 DIM = 10
1 0.35386
55 0.334561
66 0.334007
67 0.29986
82 0.297749
84 0.294842
89 0.291342
92 0.25269
107 0.250959
114 0.245743
124 0.244438
128 0.229465
139 0.224968
147 0.22194
149 0.21885
152 0.21761
156 0.20989
168 0.209802
171 0.207573
190 0.205148
196 0.201373
218 0.20104
220 0.200604
223 0.200604
225 0.200339
283 0.199592
287 0.199592
289 0.199421
295 0.198704
299 0.197346
300 0.196824
309 0.196824
310 0.196524
311 0.195953
312 0.195561
315 0.195484
316 0.195402
318 0.194289
319 0.192979
322 0.192108
323 0.190342
324 0.189544
325 0.185623
344 0.183095
359 0.182417
364 0.182
371 0.181257
377 0.18093
390 0.180436
399 0.180008
410 0.179975
414 0.179885
416 0.179885
421 0.17969
468 0.17969
471 0.178662
472 0.177923
486 0.177923
490 0.177581
500 0.177267
501 0.177267
502 0.177267
516 0.177267
520 0.177267
521 0.177267
523 0.177267
527 0.177226
540 0.177041
542 0.177041
552 0.176993
556 0.176993
602 0.176795
611 0.176258
612 0.176253
631 0.176253
645 0.176252
646 0.176252
654 0.176252
663 0.176252
664 0.176252
670 0.176252
672 0.176252
673 0.176252
675 0.176252
683 0.176252
685 0.176252
686 0.176252
697 0.176252
703 0.176252
704 0.176252
709 0.176252
710 0.176252
714 0.176252
715 0.17617
720 0.17617
721 0.176062
722 0.176062
723 0.175775
725 0.175775
726 0.175347
732 0.175009
733 0.174142
738 0.174012
739 0.173019
743 0.172722
744 0.171515
748 0.171515
749 0.170152
751 0.170152
753 0.170033
755 0.169655
757 0.1693
759 0.169094
784 0.168567
798 0.168103
833 0.168103
841 0.168103
843 0.168103
855 0.168103
858 0.168103
866 0.168103
871 0.168103
872 0.168103
911 0.168103
935 0.168103
938 0.168103
939 0.168103
944 0.168103
952 0.168103
968 0.168103
1000 0.168103
1001 0.168103
1010 0.168103
1011 0.168103
1020 0.168103
1031 0.168103
1042 0.168103
1052 0.168103
1054 0.168103
1061 0.168103
1067 0.168103
1081 0.168103
1089 0.168103
1090 0.168103
1099 0.168103
1107 0.168103
1108 0.168103
1114 0.168103
1117 0.168103
1121 0.168103
1122 0.168103
1124 0.168103
1125 0.168103
1129 0.168103
1130 0.168103
1135 0.168103
1136 0.168103
1141 0.168103
1142 0.168103
1147 0.168103
1148 0.168103
1151 0.168103
1152 0.168103
1156 0.168102
1157 0.168102
1160 0.168102
1161 0.168102
1164 0.168102
1165 0.168102
1168 0.168102
1169 0.168102
1172 0.168102
1174 0.168102
1177 0.168102
1185 0.168102
1201 0.168102
1203 0.168102
1212 0.168102
1222 0.168102
1238 0.168102
1242 0.168102
1278 0.168102
1284 0.168102
1288 0.168102
1299 0.168102
1341 0.168102
1364 0.168102
1367 0.168102
1391 0.168102
1394 0.168102
1395 0.168102
1405 0.168102
1423 0.168102
1424 0.168102
1438 0.168102
1439 0.168102
1444 0.168102
1445 0.168102
1452 0.168102
1453 0.168102
1457 0.168102
1458 0.168102
1462 0.168102
1463 0.168102
1464 0.168102
1465 0.168102
1479 0.168102
1480 0.168102
1510 0.168102
1511 0.168102
1514 0.168102
1515 0.168102
1534 0.168102
1574 0.168102
1578 0.168102
1593 0.168102
1596 0.168102
1600 0.168102
1606 0.168102
1614 0.168102
1615 0.168102
1617 0.168102
1632 0.168102
1634 0.168101
1635 0.168101
1640 0.168101
1650 0.168101
