 DIM = 5
1 5.83904e+06
5 5.83233e+06
6 5.79756e+06
8 5.70665e+06
9 5.41899e+06
10 4.53714e+06
14 4.44144e+06
17 3.47402e+06
23 3.06774e+06
28 2.80302e+06
29 2.73084e+06
33 2.25314e+06
34 1.64709e+06
36 1.24518e+06
43 834722
54 818087
59 762636
64 749829
67 738950
69 696942
73 622425
75 609808
91 609808
93 585117
95 554531
99 554070
126 450662
127 333709
143 193690
161 136060
188 105854
192 94371.9
205 84298.5
208 77908.1
211 40904.6
232 30381.4
263 27963.5
286 24316.8
292 24273.8
293 18835.6
302 18805.7
327 16916.1
329 15652
331 12739.9
333 11778.2
342 10055
344 9030.38
346 8207.35
349 6327.66
354 5970.68
356 4948.72
359 4482.99
362 3770.66
381 2119.76
398 1818.18
408 1671.69
417 1177.56
422 1109.28
432 781.409
476 639.842
479 624.383
482 551.076
485 509.231
490 426.76
498 369.493
513 350.343
517 326.11
521 324.989
523 319.323
525 306.66
542 229.457
567 227.857
569 226.619
573 216.325
583 214.948
586 167.246
587 158.017
602 85.6813
605 53.2895
628 41.1577
630 37.301
637 31.6234
639 22.4909
676 21.7426
679 21.5426
694 20.5901
695 20.04
699 19.8496
700 19.0922
703 17.9441
704 17.3914
707 17.2648
711 15.8927
717 13.7916
722 11.9527
771 11.8189
773 11.3632
790 11.2877
812 11.2504
814 11.2175
816 11.1359
820 11.1039
831 11.0869
837 11.0656
841 11.0656
849 11.0656
852 11.0656
856 11.0656
862 11.0656
866 11.0656
870 11.0656
891 11.0656
