 DIM = 7
1 0.033771
30 0.02948
33 0.0216912
44 0.0159223
55 0.0128785
59 0.00967223
68 0.00880947
75 0.00666264
77 0.00574437
78 0.00568656
88 0.00474891
90 0.00390705
98 0.0035114
103 0.00341739
110 0.00276016
114 0.0027229
118 0.00234867
125 0.00232259
153 0.00230368
155 0.00230368
169 0.00221789
173 0.0022154
191 0.00217461
221 0.00203765
222 0.00203765
225 0.00197464
228 0.00184347
241 0.00179883
244 0.00138456
258 0.00120847
288 0.00120847
302 0.001143
308 0.00111762
322 0.000756151
336 0.000727406
349 0.0006809
354 0.000406954
376 0.000248786
394 0.000233909
422 0.000221174
429 0.0002106
431 0.000204437
433 0.00017024
437 0.000134743
440 5.62857e-05
444 2.25714e-05
465 4.52571e-06
530 2.26857e-06
548 1.13714e-06
552 0
