 DIM = 3
1 1305.79
2 1042.37
3 429.503
4 232.034
6 174.161
9 42.6302
17 14.363
36 13.6065
37 8.1378
64 5.78129
66 0.949067
85 0.276695
91 0.270082
92 0.262214
93 0.261676
119 0.260412
122 0.259777
143 0.259777
151 0.259777
153 0.200158
159 0.089403
163 0.0870644
165 0.0859809
181 0.0816997
182 0.0799982
186 0.0787101
194 0.0781385
198 0.0776859
199 0.0768522
201 0.0763919
202 0.0763919
203 0.0741613
207 0.0702715
208 0.0561478
216 0.0477729
225 0.0413494
251 0.0155213
259 0.0136177
265 0.00958093
277 0.00946293
290 0.00926767
300 0.00926767
301 0.00926767
326 0.00926767
344 0.00926767
347 0.00926767
