 DIM = 8
1 64
2 60.8608
3 58.7319
5 56.1304
11 55.7462
15 54.5714
16 52.7429
21 51.0381
37 43.9143
54 29.3281
67 28.5524
68 26.6369
73 26.6369
77 23.8603
78 22.3445
86 15.3641
93 11.5864
124 11.3099
128 11.1672
130 9.85508
145 9.59384
152 9.42258
169 8.7612
172 8.23681
212 8.09596
216 8.09596
227 7.99944
253 7.99944
255 7.83708
260 7.83708
273 7.83644
292 7.83313
321 7.76234
362 7.76233
382 7.76233
390 7.76233
392 7.76233
393 7.76233
397 7.76233
408 7.76233
425 7.76233
455 7.76233
460 7.76233
466 7.76233
471 7.76233
477 7.76233
499 7.76232
502 7.76232
552 7.76232
556 7.76232
609 7.76232
623 7.76232
646 7.76232
655 7.76232
670 7.76232
673 7.76232
679 7.76232
681 7.76232
700 7.76232
708 7.76231
721 7.76231
730 7.76231
753 7.76231
791 7.76231
815 7.76231
859 7.76231
