 DIM = 9
1 8.15888e+06
11 2.95523e+06
12 5179.82
20 3886.99
22 3138.5
24 744.591
61 543.173
64 502.988
71 454.492
80 352.78
83 344.055
89 236.008
118 212.334
120 150.147
122 135.372
126 92.9352
132 79.4868
137 47.4376
163 41.3319
177 41.3053
200 36.5479
225 35.9235
227 35.0468
229 31.2962
230 31.2119
234 27.9582
236 25.4395
246 25.379
249 25.0278
252 23.8732
254 23.8253
256 23.5391
259 20.0169
275 16.4106
276 14.5927
293 14.5091
295 13.9615
298 12.4586
308 12.4388
311 12.228
315 11.3156
316 11.2812
320 11.0802
329 11.0374
333 11.022
335 10.9435
337 10.9247
339 10.8789
342 10.7852
344 10.7496
345 10.5599
357 10.5367
364 10.4818
381 10.4805
395 10.3823
413 10.2367
457 10.2239
459 9.74208
479 9.5778
483 9.49202
485 9.28371
486 8.86979
491 8.69612
492 8.24582
497 8.07932
498 7.38654
500 7.36748
501 6.67032
506 6.3407
507 5.96408
508 5.66503
509 4.53083
510 2.48175
557 2.23548
568 2.12294
577 1.9744
578 1.5665
589 1.53771
594 1.53229
596 1.51542
600 1.4345
606 1.4274
609 1.3064
610 1.25663
621 1.23024
622 1.22566
623 1.18542
624 1.16015
629 1.0744
630 0.99829
661 0.993692
662 0.908122
666 0.850382
670 0.711489
688 0.692266
719 0.663607
734 0.524625
735 0.510373
755 0.476689
758 0.450473
773 0.418637
778 0.41201
810 0.339036
824 0.314563
844 0.296521
846 0.289565
847 0.282661
861 0.275647
869 0.274625
888 0.269658
926 0.268887
929 0.267713
930 0.260298
931 0.257073
953 0.25222
965 0.251947
969 0.250639
976 0.249381
977 0.248225
984 0.247402
988 0.247224
990 0.246167
991 0.245926
994 0.245459
996 0.245249
1003 0.243302
1010 0.243191
1016 0.242586
1018 0.242399
1026 0.241968
1056 0.241968
1059 0.241968
1063 0.241548
1095 0.240147
1116 0.240147
1117 0.240147
1119 0.240146
1124 0.240146
1130 0.240078
1135 0.239927
1149 0.2395
1152 0.237472
1153 0.236073
1154 0.231693
1157 0.231692
1161 0.229659
1162 0.226598
1177 0.220488
1178 0.214783
1220 0.21426
1221 0.211034
1222 0.211013
1223 0.209222
1237 0.208558
1247 0.208472
1249 0.208265
1251 0.207785
1255 0.207384
1260 0.207245
1268 0.207231
1274 0.207231
1275 0.207231
1278 0.207231
1279 0.206752
1291 0.206584
1295 0.206537
1297 0.206537
1301 0.206404
1302 0.206185
1306 0.206185
1307 0.206184
1309 0.20603
1310 0.205662
1312 0.205662
1313 0.205292
1316 0.204836
1317 0.20402
1321 0.203294
1322 0.201903
1326 0.201903
1327 0.200619
1331 0.199465
1332 0.197807
1336 0.197627
1337 0.196374
1341 0.195988
1344 0.193521
1345 0.192125
1354 0.19113
1355 0.190508
1361 0.19
1363 0.189524
1364 0.189343
1370 0.187716
1373 0.186849
1374 0.186453
1392 0.186453
1396 0.186453
1400 0.186453
1417 0.186453
1447 0.186263
1463 0.185977
1466 0.184614
1470 0.183701
