 DIM = 5
1 16.1741
5 12.5057
6 8.38048
8 8.36135
11 1.61665
34 1.48972
40 0.187467
49 0.0986598
77 0.0320468
110 0.0297079
114 0.0260212
124 0.0175858
134 0.0167776
140 0.0144624
153 0.0135473
155 0.0120861
162 0.00920067
167 0.00884072
169 0.00718391
170 0.00577001
175 0.00386236
188 0.0036236
189 0.00264645
192 0.00238462
195 0.00163266
196 0.00140493
201 0.00081757
235 0.000802084
240 0.000675228
244 0.000607402
249 0.000549819
254 0.000540132
256 0.000523093
275 0.000465147
277 0.000408089
308 0.000389741
315 0.000386069
316 0.000361317
321 0.000350209
323 0.000323224
349 0.000318377
352 0.000303983
355 0.000280003
361 0.00027826
368 0.000274384
370 0.000273692
373 0.000272996
389 0.000255213
392 0.000254488
415 0.000247337
435 0.000246598
437 0.000242635
439 0.000240812
467 0.000236829
484 0.000236068
494 0.000235305
495 0.000234539
506 0.00023377
513 0.000230831
515 0.000227882
525 0.00021732
536 0.000204552
549 0.000201555
582 0.000197458
587 0.000192257
594 0.00018923
606 0.000188384
637 0.000186439
639 0.000180096
641 0.000173735
659 0.000172862
663 0.000170884
665 0.000167795
671 0.000165804
672 0.000163807
675 0.000160696
676 0.000158686
679 0.00015667
680 0.000154648
683 0.000151507
691 0.000150588
695 0.000149666
697 0.000147622
702 0.000146693
704 0.000145761
714 0.000144826
715 0.00014164
721 0.000138445
722 0.000136368
728 0.000129772
740 0.000127678
775 0.00012671
810 0.000125739
825 0.000124765
841 0.000122652
843 0.000120534
844 0.000114994
874 0.000114
