 DIM = 12
1 2.05938e+07
14 5.16648e+06
15 37407
25 12065.5
37 5592.39
49 3963.04
50 2845.01
52 1487.86
106 748.372
122 711.951
128 651.949
130 169.069
154 130.942
214 125.69
239 117.054
245 115.642
263 115.587
269 96.9577
326 78.5381
331 76.3814
332 58.4245
376 41.3893
382 40.3128
390 38.1028
402 18.1928
423 15.6708
424 14.7063
428 4.38615
495 4.0028
498 3.90578
500 3.71036
513 3.67451
517 3.37659
522 3.36385
524 3.3147
526 3.23074
528 3.22512
537 3.20698
539 3.16866
545 2.87468
546 2.73751
576 2.63273
584 2.59152
585 2.5766
594 2.5365
595 2.5216
596 2.3876
597 2.23285
603 2.17803
625 2.15747
634 2.12017
645 2.07914
669 2.06951
674 2.06369
679 1.95516
680 1.91438
726 1.90413
735 1.89937
740 1.89254
744 1.88737
750 1.87637
760 1.86441
767 1.80812
768 1.80548
769 1.77749
773 1.77109
778 1.74836
781 1.72255
782 1.70749
786 1.67716
840 1.6745
843 1.64178
846 1.58496
847 1.57739
856 1.57407
877 1.51153
878 1.5082
886 1.50819
888 1.44304
889 1.41801
900 1.40286
901 1.29465
925 1.28452
926 1.19693
946 1.19174
966 1.04883
967 0.964714
968 0.954653
969 0.814378
1017 0.785418
1022 0.756308
1026 0.646793
1027 0.609187
1061 0.591816
1072 0.588256
1116 0.585846
1132 0.549404
1152 0.537274
1187 0.521277
1191 0.510569
1232 0.510569
1242 0.510102
1282 0.509633
1284 0.509169
1305 0.508457
1325 0.506489
1335 0.50623
1337 0.505071
1354 0.501418
1395 0.500215
1399 0.496776
1400 0.494345
1418 0.493311
1419 0.491711
1420 0.491711
1421 0.488344
1430 0.488344
1432 0.488344
1434 0.487016
1436 0.485439
1437 0.483813
1442 0.48372
1445 0.479924
1446 0.476434
1450 0.475636
1451 0.47058
1459 0.469266
1464 0.464407
1465 0.459325
1471 0.458588
1472 0.45401
1478 0.450526
1479 0.445718
1482 0.444322
1483 0.438321
1488 0.438225
1490 0.437937
1492 0.437251
1494 0.427896
1495 0.419063
1507 0.415801
1508 0.405958
1519 0.402551
1520 0.402329
1521 0.399607
1522 0.396077
1524 0.39216
1525 0.391474
1528 0.386628
1531 0.383186
1532 0.379084
1533 0.375368
1534 0.36791
1535 0.367765
1536 0.360306
1539 0.35857
1542 0.347053
1543 0.335769
1547 0.334075
1548 0.330739
1550 0.319587
1557 0.308792
1558 0.300691
1570 0.299853
1572 0.287156
1574 0.282366
1577 0.277636
1582 0.274345
1585 0.261854
1601 0.258188
1624 0.251504
1650 0.246503
1672 0.245981
1679 0.245453
1702 0.244366
1706 0.239284
1722 0.238529
1723 0.238529
1725 0.235324
1726 0.231947
1739 0.231541
1740 0.229777
1743 0.227858
1744 0.224387
1751 0.224387
1754 0.224301
1756 0.22121
1760 0.22121
1780 0.22121
1786 0.221077
1795 0.221077
1798 0.221077
1799 0.221077
1804 0.221077
1808 0.221077
1822 0.221077
1856 0.220995
1860 0.220717
1864 0.220359
1917 0.219853
1926 0.219407
1927 0.219407
1931 0.219407
1938 0.219407
1940 0.219325
1946 0.219057
1949 0.218984
