 DIM = 8
1 9.39348
2 9.3863
4 1.15494
71 0.909092
78 0.742249
82 0.684095
88 0.583693
93 0.561946
97 0.548793
100 0.509978
102 0.433883
106 0.415439
113 0.370443
118 0.333639
120 0.320501
121 0.31019
125 0.301887
127 0.268504
128 0.244808
129 0.223939
133 0.195812
152 0.173788
155 0.173049
181 0.161052
186 0.138918
187 0.135907
190 0.121223
191 0.113861
201 0.10973
243 0.0979086
253 0.0911857
272 0.0909267
295 0.0864361
296 0.0836714
302 0.0829426
303 0.0775384
323 0.0774501
325 0.0738731
339 0.0699483
375 0.0697866
391 0.0692401
410 0.0688317
414 0.0688317
416 0.0556027
419 0.0496879
420 0.0418637
423 0.0373457
465 0.0280694
486 0.0277236
489 0.027339
494 0.0262127
520 0.026013
521 0.0258099
534 0.0255598
535 0.0252657
536 0.0251457
539 0.0249757
578 0.019869
593 0.0191092
595 0.0185753
607 0.0178218
611 0.0177546
616 0.0175818
620 0.0175122
626 0.0174739
627 0.0174689
630 0.017399
632 0.0169605
646 0.016887
649 0.0168008
672 0.0166096
673 0.0165871
694 0.0164522
697 0.0164522
701 0.0163154
702 0.0162231
711 0.0161465
712 0.0161067
713 0.0161058
714 0.0160807
716 0.0159889
717 0.0159647
720 0.0158008
721 0.0156737
727 0.0154914
743 0.0154392
747 0.0154392
750 0.0154098
757 0.0153733
761 0.0153733
763 0.0153733
770 0.0153038
771 0.0152522
777 0.0152452
778 0.0151966
783 0.0151966
784 0.0151676
787 0.0151648
789 0.0151576
790 0.0151576
792 0.0150438
793 0.0149744
798 0.0149092
799 0.0148086
805 0.0147603
806 0.0146476
810 0.0146174
812 0.0144517
813 0.0142965
815 0.0142965
816 0.014145
819 0.0140141
820 0.0137482
822 0.0137452
823 0.0134798
825 0.0133362
826 0.0128765
830 0.0128708
831 0.012759
832 0.012401
833 0.0119276
836 0.0117183
837 0.0111873
840 0.0106154
841 0.00987102
844 0.00946508
845 0.00859266
851 0.00854701
853 0.00816012
862 0.0078327
865 0.00751141
866 0.00731966
869 0.0071364
870 0.00688948
871 0.00667834
872 0.00630158
876 0.00608978
880 0.00595993
887 0.00571143
894 0.00558555
898 0.00555508
904 0.00553335
911 0.0054236
918 0.00537755
922 0.00533803
927 0.00524336
938 0.00523568
945 0.0052324
962 0.00520924
1005 0.005175
1008 0.00512523
1009 0.00510747
1023 0.00507862
1028 0.00505858
1030 0.00499973
1031 0.00497961
1035 0.00497611
1041 0.00492597
1042 0.00489797
1048 0.0048944
1057 0.00485522
1065 0.00423487
1117 0.00417293
1119 0.00416776
1121 0.00414809
1125 0.00413843
1131 0.00413768
1133 0.00413582
1136 0.00411718
1138 0.00411718
1140 0.0041134
1144 0.00410703
1151 0.00410288
1169 0.00409424
1175 0.00409424
1182 0.00409151
1185 0.00403676
1199 0.00379077
1202 0.00377288
1203 0.00372458
1206 0.00364241
1247 0.00359846
1250 0.00353415
1255 0.00348895
1257 0.00345724
1260 0.00334412
1261 0.00331001
1266 0.0032521
1268 0.00324846
1272 0.00311339
1273 0.00305297
1279 0.00298794
1298 0.00296368
1300 0.00231358
1315 0.00225478
1316 0.00201509
1319 0.00173642
1320 0.00159061
1336 0.00151526
1339 0.00136572
