 DIM = 6
1 2.32337e+06
5 2.18434e+06
6 1.85694e+06
7 1.31715e+06
9 571841
11 489826
12 378880
15 305075
17 154096
18 30079.7
23 3671.24
45 1286.98
47 821.298
54 426.57
82 414.004
97 405.811
102 392.439
136 378.314
142 368.31
145 279.623
146 189.179
176 91.7209
194 84.925
220 74.7777
222 54.5024
244 43.698
264 41.4995
276 40.5082
289 21.442
305 17.4978
312 17.3556
315 14.9809
323 14.6803
326 14.5743
328 13.9808
331 13.9596
337 13.0965
338 12.9265
348 12.9261
350 12.8237
351 12.6926
354 12.3989
360 10.3605
363 10.3296
375 10.1885
398 5.10852
408 5.03122
425 4.83373
427 2.76233
432 2.31098
434 1.80524
454 1.80524
460 1.77946
462 1.73119
464 1.7267
479 1.70723
503 1.68349
505 1.68115
510 1.67959
511 1.66272
516 1.64095
517 1.63958
524 1.63587
526 1.62296
527 1.61339
531 1.60256
532 1.58136
536 1.57467
537 1.56993
538 1.56816
540 1.54186
542 1.53065
543 1.50991
548 1.47404
550 1.45715
551 1.45693
555 1.433
557 1.36413
558 1.30561
565 1.30494
567 1.26651
569 1.23439
571 1.17163
572 1.10733
577 1.10369
579 1.04306
580 1.0287
581 0.97658
582 0.957569
583 0.949708
585 0.892119
586 0.869452
587 0.840658
589 0.710067
590 0.602467
594 0.573867
600 0.567929
606 0.489101
616 0.465665
619 0.436125
620 0.429024
621 0.428488
625 0.390994
626 0.384515
627 0.345748
628 0.301668
633 0.257055
634 0.251338
637 0.246449
642 0.183631
651 0.17147
653 0.164717
657 0.145121
658 0.137999
663 0.124354
664 0.11723
675 0.111447
676 0.108813
687 0.107136
694 0.104729
695 0.104724
699 0.103766
703 0.103766
709 0.10363
711 0.103521
724 0.102985
730 0.100783
743 0.100286
775 0.0992474
780 0.0987159
805 0.0977609
817 0.0926439
819 0.0926299
822 0.0888297
823 0.0852639
824 0.0836675
861 0.0820121
865 0.0818536
878 0.0803309
890 0.0802585
909 0.0801371
910 0.0774964
911 0.0756253
918 0.0738015
919 0.0727754
923 0.0713852
925 0.0695297
926 0.0683819
927 0.0673844
928 0.0650768
934 0.0640418
935 0.0622346
937 0.0597445
938 0.0576511
941 0.0576202
945 0.0551965
950 0.0523804
953 0.0514017
954 0.0500411
955 0.0497869
959 0.0478606
965 0.0440341
966 0.0421664
973 0.0387902
974 0.0348723
976 0.0342791
977 0.0303139
981 0.0251434
982 0.0228122
985 0.0187193
986 0.0183782
987 0.0172232
989 0.0145922
991 0.0133453
1010 0.0133239
1018 0.0119309
1050 0.0113852
