 DIM = 9
1 8.16061e+06
11 2.95627e+06
12 5184.54
20 3890.07
22 3135.32
24 745.101
72 520.216
76 279.293
104 277.084
108 258.181
110 254.96
111 200.279
113 55.1363
163 36.5322
197 27.7264
217 23.0012
224 22.4491
230 20.7635
261 20.1456
270 13.9165
271 12.112
286 11.2904
291 10.4648
295 9.15134
296 7.96862
304 6.13758
305 4.65858
310 4.34837
311 2.76667
317 2.07938
320 1.78666
324 0.761841
325 0.55914
328 0.494186
348 0.429588
351 0.340486
355 0.321556
359 0.250221
370 0.217017
376 0.206906
378 0.205451
380 0.201614
382 0.170859
387 0.141901
393 0.136968
395 0.109814
404 0.10482
415 0.101293
436 0.100435
446 0.0773124
464 0.0716391
500 0.069562
502 0.0560872
543 0.0560565
557 0.0524383
578 0.0520933
585 0.0510201
587 0.0492764
588 0.047679
631 0.0444873
632 0.0427382
639 0.0426986
644 0.0416203
646 0.0415778
653 0.0415778
656 0.0415778
659 0.0410991
665 0.0403149
667 0.0402952
672 0.0400665
678 0.0396116
680 0.039493
689 0.039258
692 0.0389085
693 0.0389085
697 0.0388773
701 0.0387105
706 0.0383428
714 0.0382837
719 0.0382423
722 0.0380977
725 0.0380977
727 0.0380977
732 0.0379716
736 0.0379716
738 0.0378815
748 0.0378815
754 0.0378291
755 0.0377902
757 0.0377901
758 0.0377901
760 0.037749
763 0.0376896
764 0.0375707
768 0.037527
769 0.0374089
779 0.0371259
780 0.0369233
785 0.0369233
786 0.0367504
789 0.0365908
790 0.0363947
792 0.0361984
793 0.035816
799 0.0356959
801 0.0354784
802 0.0351505
803 0.0349911
804 0.0341185
810 0.0336412
811 0.0328096
816 0.0328096
818 0.0319813
819 0.0311868
823 0.0309619
824 0.0308097
825 0.030651
828 0.0302422
830 0.0290671
831 0.0280683
840 0.0279516
841 0.0270556
848 0.0266822
849 0.0256957
855 0.0248734
856 0.0237763
859 0.0237182
860 0.0236513
862 0.023102
865 0.0226031
866 0.0225994
868 0.0218139
870 0.0212958
872 0.0208282
877 0.0205068
879 0.0201078
882 0.019987
884 0.0190031
885 0.018646
887 0.0179415
888 0.0170746
890 0.0170401
891 0.0162918
893 0.0160643
894 0.0160049
895 0.0153642
897 0.0149855
899 0.0136407
900 0.0132222
902 0.0130325
906 0.0117917
908 0.0114537
915 0.0113979
918 0.0113145
919 0.00917253
920 0.00896541
927 0.00884951
931 0.00761532
932 0.00669191
944 0.00566693
966 0.00560621
971 0.00542273
974 0.00490945
988 0.00475632
989 0.00463401
997 0.00455697
998 0.0045519
1001 0.00434716
1004 0.00414994
1005 0.00411463
1006 0.00406038
1010 0.00390155
1013 0.00385712
1018 0.00380261
1022 0.00373913
1024 0.00372238
1028 0.00356956
1034 0.0034902
1036 0.00343866
1044 0.00341163
1053 0.00338569
1055 0.00324116
1056 0.00315465
1063 0.00311618
1065 0.00298244
1066 0.00292588
1071 0.00285356
1072 0.00284849
1074 0.00284566
1076 0.0026091
1077 0.00243636
1087 0.00239278
1088 0.00227373
1094 0.00214891
1099 0.00214114
1102 0.00204879
1108 0.00203644
1110 0.00203644
1113 0.00198685
1123 0.00188402
1124 0.00188172
1134 0.00185905
1166 0.00182503
1181 0.00182042
1208 0.00182033
1226 0.00182025
1230 0.00181903
1234 0.001811
1279 0.00180749
1282 0.00180626
1288 0.00180616
1290 0.00180607
1295 0.00180596
1307 0.00180586
1343 0.00180576
