 DIM = 10
1 1354.66
2 1349.91
5 1287.33
6 1204.48
9 1092.76
10 1062.82
12 962.426
21 816.53
27 689.908
28 686.256
40 678.626
42 545.11
63 513.23
66 506.287
67 484.432
68 448.048
79 395.606
80 375.864
88 367.857
90 354.091
97 292.549
98 291.896
111 288.393
115 140.735
136 131.162
158 126.425
167 123.381
168 112.588
177 107.983
201 106.106
218 102.965
222 102.488
223 97.979
225 90.1487
232 82.3401
233 78.4741
235 76.9681
240 57.9059
252 51.2483
257 39.5483
276 34.4582
285 34.4089
288 32.1373
309 28.9678
316 27.9926
317 27.176
325 26.0447
329 24.8726
346 24.3494
369 23.6261
389 23.1349
393 22.8827
417 22.3751
442 22.0195
463 22.0104
468 21.9737
474 20.9751
479 20.9751
485 20.6577
507 20.6577
509 20.4946
516 20.1556
541 20.1556
572 20.0862
577 19.9517
587 19.7665
604 19.5704
640 19.5704
642 19.5704
656 19.5333
662 19.5286
679 19.5088
697 19.5067
700 19.5067
718 19.5067
723 19.5067
726 19.5067
748 19.5022
767 19.497
775 19.497
784 19.497
811 19.497
813 19.497
815 19.497
901 19.497
905 19.497
938 19.497
941 19.497
945 19.497
949 19.497
960 19.497
964 19.497
967 19.497
968 19.497
989 19.497
990 19.497
996 19.497
997 19.497
998 19.497
1002 19.497
1004 19.497
1021 19.497
1033 19.497
1038 19.497
1065 19.497
1067 19.497
1068 19.497
1070 19.497
1071 19.497
1085 19.497
1092 19.497
1093 19.497
1103 19.497
1104 19.497
1108 19.4969
1110 19.4969
1112 19.4969
1113 19.4969
1121 19.4969
1122 19.4969
1124 19.4969
1125 19.4969
1130 19.4969
1134 19.4969
1191 19.4969
1207 19.4969
1210 19.4969
1211 19.4969
1214 19.4969
1233 19.4969
1282 19.4969
1300 19.4969
1311 19.4969
1312 19.4969
1318 19.4969
1321 19.4969
1325 19.4969
1326 19.4969
1361 19.4969
1366 19.4969
1372 19.4969
1388 19.4969
1390 19.4969
1393 19.4969
1402 19.4969
1407 19.4969
1410 19.4969
1431 19.4969
1435 19.4969
1436 19.4969
1449 19.4969
1450 19.4969
1451 19.4969
1452 19.4969
1457 19.4969
1458 19.4969
1460 19.4969
1463 19.4969
1464 19.4969
1466 19.4969
1467 19.4969
1469 19.4969
1473 19.4969
1480 19.4969
1489 19.4969
1533 19.4968
1554 19.4968
