 DIM = 7
1 0.033788
30 0.0294701
33 0.0217052
44 0.0159226
55 0.0128812
59 0.00966842
68 0.00879989
75 0.00665001
77 0.00573185
78 0.00567321
88 0.00474028
90 0.00389606
98 0.00350675
103 0.00340722
110 0.00275196
114 0.00271436
118 0.00234588
125 0.00231429
145 0.00227831
149 0.0022316
174 0.00220465
178 0.0021416
190 0.00212905
192 0.00208349
193 0.00208239
209 0.00187739
211 0.00175694
213 0.00173562
231 0.00109259
233 0.000917443
245 0.000864615
249 0.000832098
268 0.000828735
271 0.000817723
273 0.000788091
280 0.000770338
282 0.000604405
297 0.000512421
298 0.000460765
316 0.000416585
320 0.000376615
321 0.000371979
326 0.000326132
331 0.000271132
332 0.00023264
353 0.000211898
358 0.000100022
386 7.54781e-05
397 5.98492e-05
415 1.4715e-05
441 9.07692e-06
462 1.13731e-06
485 0
