 DIM = 10
1 50.499
2 49.5454
3 46.5867
4 29.5832
5 26.5996
15 26.5996
17 25.6775
19 11.8776
24 10.4782
25 9.47949
34 7.64343
62 7.49136
81 7.18613
103 6.92551
118 6.70709
135 6.49549
145 6.48267
174 5.55197
194 5.50056
195 5.3786
211 4.95774
215 4.49094
219 4.04525
226 3.34514
268 2.73044
300 2.72398
343 2.69984
360 2.5808
382 2.47979
383 2.4764
407 2.4199
430 2.31369
443 2.2212
450 2.21255
467 2.17726
471 2.1681
494 2.16179
498 2.13313
517 1.97899
537 1.93528
540 1.8971
546 1.65394
549 1.64367
552 1.55946
554 1.44661
565 1.33514
576 1.28831
581 1.23533
589 1.21075
611 1.14413
615 1.05854
668 1.03852
672 1.03852
686 0.984524
693 0.813054
718 0.698683
742 0.668473
755 0.66641
758 0.565594
818 0.52846
820 0.527317
833 0.517297
834 0.502123
836 0.482114
837 0.448567
842 0.415177
843 0.380293
857 0.358403
864 0.311114
885 0.309082
887 0.298295
917 0.29037
925 0.289946
928 0.289946
931 0.285613
947 0.285602
953 0.285301
954 0.281082
955 0.274775
965 0.274775
968 0.270641
969 0.270398
970 0.268962
971 0.258708
980 0.25758
986 0.249328
1003 0.249023
1004 0.244048
1026 0.236017
1029 0.229118
1085 0.220887
1087 0.218821
1088 0.211532
1096 0.201036
1097 0.189936
1098 0.186652
1099 0.178852
1106 0.167118
1107 0.160353
1108 0.156823
1109 0.153769
1117 0.138054
1121 0.134064
1132 0.124289
1133 0.104299
1141 0.0937792
1187 0.087264
1198 0.0840117
1209 0.0822792
1212 0.0775583
1216 0.0705728
1217 0.0704739
1220 0.0635267
1258 0.0635267
1263 0.0621135
1264 0.0527755
1324 0.0522214
1332 0.05128
1334 0.0484729
1341 0.0482349
1359 0.0470394
1381 0.0451713
1386 0.0447112
1396 0.0440093
1397 0.0432357
1404 0.0421267
1429 0.0420861
1430 0.0420861
1465 0.0418196
1467 0.0405552
1477 0.0402885
1485 0.0399898
1491 0.0393544
1492 0.0393544
1500 0.0393544
1507 0.03915
1514 0.0391488
1516 0.0389478
1520 0.0382278
1521 0.0377916
1594 0.0376668
1595 0.0374206
1599 0.0374206
1604 0.0373999
1606 0.037356
1611 0.037356
1613 0.0369607
1614 0.0366122
1627 0.0366122
1643 0.0365108
