 DIM = 4
1 22.8852
5 14.0629
8 12.309
16 11.1448
17 7.68657
18 6.42029
26 2.72174
44 2.65913
46 1.63956
59 1.11751
72 0.125331
109 0.0972328
125 0.0497157
136 0.0443982
154 0.0424942
158 0.0279912
172 0.0264859
188 0.0175478
213 0.0130217
214 0.011089
218 0.00991338
222 0.00890313
224 0.0057006
225 0.00568341
229 0.00483777
232 0.00399595
234 0.00353187
236 0.00332555
239 0.00250808
241 0.00168498
243 0.00133556
271 0.000966721
277 0.000468797
280 0.000262493
303 0.000167394
316 0.000157909
320 7.0863e-05
340 5.218e-05
374 3.33957e-05
376 3.01366e-05
378 2.68596e-05
399 2.35647e-05
402 2.25021e-05
406 2.03055e-05
427 1.92281e-05
457 1.81447e-05
481 1.70553e-05
482 1.596e-05
