 DIM = 6
1 15.8545
5 13.8733
8 13.092
9 11.4246
23 9.35954
42 7.7227
44 6.58617
45 6.54062
47 5.72629
54 3.99344
104 3.95437
122 3.80922
124 3.03768
134 3.00042
146 2.29736
164 2.23301
180 2.15936
185 2.09427
204 1.98408
208 1.95744
239 1.79866
240 1.78985
242 1.73472
246 1.65692
247 1.60096
249 1.43829
256 1.39484
257 1.27048
267 1.26861
271 1.26861
274 1.25253
277 1.23886
280 1.21894
282 1.13564
283 1.09468
289 1.08462
290 1.06448
292 1.04934
294 1.01191
295 1.00546
312 1.00031
321 0.997743
327 0.996972
331 0.996971
332 0.996328
351 0.994523
355 0.994523
363 0.994523
367 0.994523
368 0.994523
370 0.992767
377 0.991426
386 0.991426
416 0.99094
417 0.989901
426 0.989901
431 0.98912
432 0.987349
438 0.987068
439 0.986766
440 0.986163
444 0.986163
445 0.986163
447 0.98409
448 0.980959
453 0.979292
454 0.974411
459 0.971159
461 0.970709
463 0.970709
464 0.968978
466 0.966318
467 0.960146
468 0.960146
469 0.952012
473 0.943967
474 0.94009
476 0.929433
477 0.921126
483 0.910101
485 0.907282
495 0.903472
496 0.90128
513 0.900841
516 0.896242
519 0.894138
524 0.894138
540 0.894138
545 0.8856
558 0.8856
559 0.881866
560 0.880601
561 0.878499
569 0.869753
593 0.866553
594 0.858471
595 0.85847
596 0.854161
597 0.851223
598 0.841208
602 0.825967
607 0.824341
608 0.81705
612 0.817049
616 0.810673
619 0.810673
625 0.807097
634 0.806652
637 0.805931
645 0.801574
659 0.801574
661 0.799509
662 0.799059
686 0.799059
703 0.799059
732 0.797843
733 0.795587
748 0.790867
752 0.790867
754 0.780764
755 0.777344
765 0.77559
774 0.77509
800 0.773985
813 0.769175
817 0.765372
818 0.764032
821 0.762773
826 0.756792
827 0.756615
834 0.756615
835 0.756615
841 0.756269
843 0.754668
844 0.753392
848 0.753392
849 0.753392
851 0.753392
854 0.751927
855 0.749467
860 0.749467
861 0.748494
864 0.746352
865 0.744729
877 0.741966
881 0.741779
882 0.741179
883 0.741179
885 0.739891
887 0.739471
888 0.737389
890 0.736297
891 0.730182
894 0.729523
897 0.727315
898 0.723821
900 0.722629
904 0.717007
905 0.715122
912 0.715122
914 0.715122
918 0.715122
920 0.71336
923 0.710556
924 0.709706
935 0.709706
939 0.709706
948 0.709706
949 0.709614
952 0.709614
968 0.709614
973 0.708666
974 0.708666
978 0.708173
979 0.708173
985 0.707888
1005 0.707888
1006 0.707553
1035 0.707389
