 DIM = 12
1 3.9872e+09
14 1.05903e+09
26 8.80663e+08
37 8.78267e+08
39 8.03215e+08
41 7.94375e+08
46 6.55039e+08
52 4.90795e+08
54 3.51353e+08
56 2.83393e+08
58 1.65401e+08
75 1.32107e+08
109 1.30924e+08
111 1.27661e+07
129 2.18083e+06
131 1.96218e+06
148 1.69955e+06
191 1.38032e+06
207 1.31092e+06
224 381925
240 373430
255 7287.3
274 5155.83
347 5050.44
349 4801.39
367 9.15071
416 4.4146
466 1.23206
468 0.995728
487 0.253405
505 0.0783463
507 0.0320049
509 0.0185425
511 0.00290319
597 0.00275264
601 0.00181858
603 0.00178554
607 0.00150725
629 0.00145086
631 0.00128956
633 0.00126604
635 0.00117201
637 0.00114816
639 0.0010829
641 0.00100431
643 0.000755183
667 0.000752213
670 0.000674743
677 0.000665019
681 0.000655254
683 0.000647652
687 0.000619051
691 0.000606923
711 0.000562628
713 0.000559221
716 0.000546904
718 0.000545675
720 0.000541091
722 0.000526428
745 0.000512827
749 0.000511513
752 0.000497829
756 0.000490848
781 0.00046692
800 0.00046437
801 0.000447094
822 0.000358317
839 3.8622e-05
856 2.27594e-06
858 0
