 DIM = 4
1 1.6154e+06
5 853382
6 58348.9
10 22200.9
21 21998.7
28 17309
31 15568.2
34 14388.6
36 14228.7
37 11809.3
39 9479.19
49 9442.13
50 7860.53
56 6344.84
57 5030.77
62 2177.78
72 1843.03
73 954.364
74 779.397
79 555.036
93 353.76
103 338.816
132 299.415
142 207.701
144 186.922
145 152.658
147 75.5266
152 44.0156
178 33.5618
194 24.5457
195 18.7557
197 15.3701
212 3.13407
241 0.783265
256 0.716543
260 0.288747
262 0.273396
263 0.0562836
264 0.0452805
270 0.0350141
274 0.0273719
276 0.0204488
280 0.0146998
285 0.00915255
287 0.00626409
299 0.00293773
302 0.00116041
319 0.00107502
323 4.5376e-06
340 1.1372e-06
358 0
