 DIM = 2
1 1.79407e+06
3 1.21196e+06
4 251193
5 48790.7
8 10117.6
21 25.2924
55 24.9816
64 24.2855
65 20.4676
79 20.1728
86 19.4545
93 15.3328
102 14.2417
103 11.8838
118 10.9793
124 10.2345
125 9.53779
136 8.71913
137 8.56864
147 8.55244
156 6.68095
164 5.46152
177 4.69585
183 3.92866
191 3.14051
197 2.89903
198 2.68979
200 2.3502
201 2.24026
215 1.78516
218 1.48611
219 1.21191
222 1.04738
242 0.820678
249 0.800755
250 0.787251
251 0.751475
252 0.738597
253 0.666858
254 0.657703
255 0.538705
256 0.493467
260 0.40845
265 0.276597
266 0.200546
270 0.176965
273 0.153728
281 0.131549
290 0.122549
293 0.0711979
296 0.0562264
299 0.0516226
309 0.0327824
318 0.00353906
327 0.00210883
328 0.000114888
353 0
