 DIM = 3
1 1.69361e+09
6 7.94047e+08
8 2.04911e+07
24 1.27869e+07
30 7.14949e+06
33 1.59567e+06
54 1.37224e+06
76 1.08569e+06
77 672851
78 579256
81 283528
82 248685
85 132943
86 112929
87 91004.6
90 30269.3
95 25933.9
97 22988.7
121 20864.6
134 16201.6
144 14696
161 12683.8
175 12211.3
185 12135.7
197 11944.9
201 11924.9
203 11866.6
217 11810
218 11792.4
233 11735.3
251 11670.1
261 11661.6
262 11638.8
273 11618.8
285 11607.1
303 11532.2
304 11468.3
329 11468.3
333 11455.7
335 11455.7
337 11448.8
338 11448.8
339 11425.9
340 11400.9
342 11400.9
344 11344
345 11304.1
348 11286.9
351 11194.6
352 11150.2
356 11047.8
357 10966
363 10861.8
364 10801.8
374 10775
375 10746.1
377 10713.8
378 10679.8
379 10640.3
380 10581.9
381 10581.9
382 10541.6
383 10505.8
385 10348.4
386 10219.9
390 10155.4
391 10085.5
392 10067.3
394 9933
395 9861.36
396 9823.78
400 9718.15
406 9706.51
408 9690.69
409 9619.38
414 9600.85
416 9555.94
419 9530.95
422 9519.97
424 9464.08
425 9414.2
429 9408.57
430 9401.4
431 9381.1
433 9322.43
434 9319.58
437 9277.71
438 9241.97
443 9196.32
444 9135.92
446 9089.93
448 8984.05
453 8964.36
457 8943.28
460 8920.39
463 8909.6
465 8869.32
468 8851.74
476 8827.42
477 8827.42
478 8824.48
479 8814.94
480 8805.49
481 8798.42
482 8793.79
484 8792.9
486 8715.2
487 8662.98
490 8656.21
492 8655.47
494 8567.35
496 8567.35
498 8565.9
501 8515.12
502 8468.82
503 8462.56
505 8462.56
507 8409.76
511 8354.89
512 8317.6
516 8276.1
517 8248.75
518 8168.62
519 8077.68
522 7959.01
527 7949.27
529 7876.7
530 7868.54
533 7834.73
534 7813.02
537 7671.65
538 7670.56
542 7622.29
547 7529.27
548 7510.63
554 7484.96
556 7419.52
562 7351.31
563 7287.84
567 7192.73
568 7094.06
570 7092.36
573 6934.55
574 6878.7
578 6760.14
579 6757.01
580 6681.96
582 6540.55
583 6474.07
588 6411.72
592 6370.96
