 DIM = 11
1 199.685
6 188.817
7 171.634
8 161.342
16 150.694
18 139.437
26 119.557
27 84.684
42 71.5118
43 48.7891
51 47.8286
52 38.4974
56 33.8525
57 27.3741
60 27.3741
63 25.4862
79 25.1605
80 22.8063
114 13.1018
262 5.51447
275 5.28912
292 4.66655
309 3.50823
340 3.21289
342 2.49803
345 2.38787
358 2.24037
360 2.23446
367 2.14083
368 2.00618
372 1.9864
375 1.9327
488 1.9327
504 1.9327
529 1.9327
545 1.9327
561 1.9327
577 1.9327
643 1.9327
646 1.9327
648 1.9327
652 1.9327
654 1.9327
658 1.9327
666 1.9327
668 1.9327
675 1.9327
679 1.9327
681 1.9327
683 1.9327
702 1.9327
706 1.93269
725 1.93269
730 1.93269
749 1.93269
758 1.93269
774 1.93269
