 DIM = 12
1 34.3398
2 33.9951
9 33.9616
10 33.8196
15 32.4499
16 30.5341
21 27.3385
22 20.5443
26 18.5904
32 18.0171
33 17.075
38 15.5436
51 11.4208
59 10.484
63 10.4246
67 7.83278
94 5.90043
106 4.90906
115 3.57655
119 3.50311
156 3.46979
160 3.27439
184 2.6149
185 1.96726
228 1.92886
234 1.83643
240 1.83156
252 1.83156
255 1.54331
280 1.49632
285 1.48129
337 1.47857
343 1.47764
346 1.46555
348 1.45099
359 1.44909
362 1.41523
363 1.38938
379 1.36095
380 1.32918
411 1.32486
431 1.31145
434 1.31145
437 1.31079
439 1.30971
441 1.30435
443 1.29965
455 1.29842
463 1.24739
466 1.23009
499 1.21729
524 1.21371
527 1.1431
528 1.12611
545 1.08862
546 1.03811
562 1.00435
563 0.983987
581 0.941893
601 0.833349
623 0.830043
624 0.809883
625 0.809837
627 0.809695
629 0.783415
631 0.74258
635 0.693149
644 0.672425
653 0.669357
654 0.657052
670 0.632628
699 0.61567
708 0.614475
718 0.599016
719 0.583518
752 0.570416
753 0.569094
757 0.569094
758 0.561063
762 0.553887
763 0.54598
771 0.537037
772 0.524822
775 0.520967
819 0.519403
827 0.516953
829 0.504366
837 0.503057
843 0.493534
857 0.490737
867 0.48677
881 0.48677
886 0.486482
887 0.486482
897 0.486134
898 0.485858
901 0.482039
902 0.477878
938 0.47633
939 0.473649
979 0.470235
981 0.46736
983 0.465301
986 0.464224
987 0.460983
993 0.457748
1002 0.455385
1003 0.454585
1004 0.454163
1006 0.446786
1007 0.439206
1017 0.43795
1019 0.434445
1020 0.432935
1024 0.428996
1028 0.427621
1029 0.422639
1041 0.420594
1043 0.420527
1045 0.414934
1050 0.409819
1056 0.404776
1058 0.40288
1067 0.391702
1068 0.387981
1076 0.387664
1077 0.379052
1090 0.378785
1092 0.372349
1094 0.36966
1095 0.367346
1101 0.358968
1102 0.348061
1109 0.345812
1121 0.34437
1132 0.343527
1134 0.338268
1139 0.334695
1151 0.334252
1164 0.331245
1191 0.330969
1195 0.330969
1231 0.329674
1251 0.329373
1257 0.329373
1269 0.329273
1282 0.328966
1285 0.328966
1292 0.328966
1300 0.328946
1345 0.328659
1355 0.328659
1363 0.328659
1406 0.328659
1419 0.328659
1438 0.328659
1473 0.328659
1500 0.328659
1574 0.328659
1583 0.328659
1602 0.328659
1618 0.328659
1635 0.328659
1655 0.328659
1662 0.328659
1700 0.328659
1701 0.328659
1746 0.328659
1748 0.328659
1814 0.328659
1817 0.328659
1820 0.328659
1822 0.328658
1874 0.328658
1875 0.328658
1891 0.328658
1898 0.328658
1900 0.328658
1925 0.328658
1926 0.328658
