 DIM = 5
1 15.5
4 14.6035
6 14.1454
7 12.279
10 11.2922
11 8.79016
27 7.29633
28 6.58155
35 6.20775
38 6.13197
46 3.09342
57 2.02175
83 1.76903
92 1.08223
133 1.06343
139 1.02414
166 0.968049
188 0.933143
193 0.925988
213 0.91713
225 0.887597
242 0.887597
246 0.870057
319 0.870057
322 0.870057
331 0.870057
333 0.870056
337 0.870056
341 0.870056
360 0.870056
363 0.870056
368 0.870056
387 0.870056
396 0.870056
403 0.870056
404 0.870056
408 0.870056
409 0.870056
412 0.870055
425 0.870055
439 0.870055
440 0.870055
445 0.870055
446 0.870055
447 0.870055
448 0.870055
449 0.870055
453 0.858266
462 0.849594
463 0.8255
483 0.819663
485 0.786927
507 0.786754
510 0.779262
525 0.77661
531 0.762451
547 0.760945
548 0.758893
551 0.724368
584 0.692218
590 0.662526
602 0.659454
610 0.659454
613 0.659454
616 0.659454
618 0.647357
632 0.647022
633 0.639736
652 0.634499
664 0.633791
714 0.628598
717 0.627876
728 0.625927
740 0.624868
743 0.621851
757 0.621851
763 0.621851
766 0.621847
768 0.621847
786 0.621658
815 0.621658
824 0.621657
825 0.621657
837 0.621657
851 0.621657
854 0.621657
863 0.621657
875 0.621657
