 DIM = 11
1 0.026729
42 0.0264046
50 0.024623
57 0.0235515
60 0.0223753
62 0.0204372
67 0.02016
73 0.0199316
75 0.0193361
82 0.0187096
89 0.0184285
92 0.0182276
96 0.0181241
99 0.0180629
104 0.0179753
109 0.0179361
112 0.017818
114 0.0177381
117 0.0176633
120 0.0174688
124 0.0172245
126 0.0171735
134 0.0168212
136 0.0168022
139 0.0165061
145 0.0159678
151 0.0159523
160 0.0152625
161 0.0150084
167 0.0148069
174 0.0145532
175 0.0143542
181 0.0137551
182 0.0137105
187 0.013198
188 0.0131091
195 0.0127623
210 0.0123342
252 0.0122589
271 0.0122285
292 0.0120946
296 0.0119933
319 0.0118467
320 0.0117605
323 0.0116022
324 0.0113152
338 0.0112491
339 0.0112416
341 0.011063
345 0.0108018
346 0.0105876
352 0.0104021
353 0.0100511
360 0.00994463
365 0.00953811
366 0.00947668
373 0.0092816
374 0.00924893
375 0.00922864
377 0.00906727
384 0.00877388
397 0.00858502
398 0.00858502
408 0.00840829
412 0.00827607
425 0.00827067
436 0.00817256
440 0.00811915
442 0.00806878
446 0.00806532
453 0.00804304
454 0.00802805
457 0.00796285
458 0.00792058
465 0.00790966
468 0.00786206
470 0.00783431
476 0.00782854
478 0.00781541
480 0.00776762
483 0.00771766
484 0.00771766
492 0.00771746
494 0.00767789
502 0.00767789
504 0.00767789
507 0.00763898
537 0.0076003
555 0.0075869
567 0.00758615
578 0.00757061
579 0.0075706
580 0.0075706
588 0.0075706
591 0.00756431
592 0.00756431
594 0.00755423
595 0.00755023
599 0.00755023
602 0.00755023
604 0.00754987
606 0.00754584
609 0.00752052
610 0.00752051
616 0.00750918
618 0.00750723
625 0.00748926
636 0.00748835
649 0.00742869
684 0.00736254
702 0.00723215
703 0.00715509
704 0.00714539
707 0.00702426
725 0.006933
747 0.00688559
752 0.00686925
753 0.00662954
754 0.00660443
759 0.0065567
794 0.00623784
810 0.00621997
832 0.00571854
865 0.00568094
866 0.00535218
888 0.00526468
893 0.00522027
901 0.00520063
905 0.00511397
907 0.00509533
912 0.0050323
919 0.00502116
928 0.00500892
933 0.00493596
936 0.0049269
938 0.00492
945 0.00492
950 0.00488987
961 0.00487423
963 0.00486074
965 0.00484397
969 0.00482718
970 0.0048267
977 0.00479679
978 0.00477775
985 0.00477178
986 0.00476034
1008 0.00471173
1025 0.00444768
1042 0.00434085
1046 0.00433678
1072 0.00433678
1074 0.00432644
1076 0.00431467
1077 0.00430728
1085 0.00429219
1087 0.00428258
1089 0.00425536
1098 0.00422372
1119 0.00420193
1136 0.00420104
1139 0.00419133
1172 0.0041298
1173 0.00411673
1191 0.00410584
1210 0.00409273
1216 0.00402658
1219 0.0039725
1238 0.00396592
1274 0.00384757
1279 0.00382872
1280 0.00381318
1326 0.00381202
1349 0.00378979
1384 0.00376753
1404 0.00376523
1409 0.00375626
1410 0.00373616
1414 0.00372271
1418 0.00369922
1447 0.00369922
1465 0.00369922
1468 0.00369922
1471 0.00367638
1490 0.00367511
1494 0.0036247
1513 0.00352731
1556 0.00352594
1573 0.00352234
1577 0.00351202
1579 0.00351064
1622 0.00351037
1625 0.00349553
1629 0.00349301
1633 0.00349273
1637 0.00349132
1640 0.00348205
1645 0.0034795
1651 0.00347358
1652 0.00347103
1657 0.00347103
1670 0.00346816
1674 0.00346784
1680 0.00346414
1689 0.00346269
1690 0.00346269
1693 0.00346269
1697 0.00346172
1704 0.00346171
1705 0.00346105
1708 0.00346105
1711 0.00345924
1712 0.0034589
1715 0.00345742
1721 0.00345742
1723 0.00345559
1726 0.0034541
1765 0.00333892
1767 0.00333508
1769 0.00331417
1786 0.00324768
1788 0.00323695
1797 0.00323695
