 DIM = 12
1 2.05759e+07
14 5.17149e+06
15 37400.3
25 12074.9
37 5592.5
49 3966.36
50 2847.31
52 1487.25
91 1455.94
110 1118.58
123 525.673
139 165.15
156 138.972
181 90.5903
194 89.2753
213 31.4724
255 18.5818
272 8.20131
343 4.4833
384 4.34875
422 4.04414
457 3.85621
462 3.81724
466 3.71934
468 3.39645
469 3.27658
470 3.15063
471 2.77032
480 2.50636
481 2.18118
487 2.02662
488 1.82648
494 1.74821
511 1.70581
513 1.62207
518 1.61307
522 1.61175
523 1.55514
556 1.55002
558 1.5389
597 1.5389
599 1.51849
601 1.51632
605 1.50121
611 1.49778
619 1.48745
628 1.48323
631 1.48066
632 1.4767
634 1.45912
674 1.44893
676 1.43075
677 1.41388
680 1.40461
684 1.39585
685 1.39388
693 1.34492
694 1.30429
706 1.29917
707 1.27517
709 1.26109
710 1.24502
714 1.2336
716 1.23122
717 1.19976
719 1.1868
720 1.15843
725 1.10343
726 1.04504
730 1.01862
731 0.983001
736 0.916441
745 0.871241
754 0.818412
761 0.798512
765 0.761521
796 0.739021
820 0.73209
823 0.713155
843 0.689374
864 0.669072
885 0.622773
907 0.57117
908 0.515478
911 0.499475
917 0.453298
918 0.383479
952 0.33009
960 0.324245
962 0.267981
963 0.251334
991 0.217389
1007 0.202336
1060 0.198815
1065 0.198815
1067 0.185669
1092 0.179919
1112 0.173338
1115 0.167497
1125 0.167156
1132 0.166759
1155 0.16619
1158 0.151538
1195 0.135748
1196 0.123124
1212 0.119146
1215 0.117617
1216 0.113914
1222 0.102344
1223 0.0915522
1233 0.0862179
1234 0.0797645
1241 0.0745291
1246 0.0674178
1253 0.0671556
1264 0.063445
1265 0.0632037
1268 0.0619314
1275 0.0613993
1291 0.0604302
1296 0.0603793
1297 0.060367
1301 0.0599695
1302 0.0593016
1333 0.058837
1341 0.0587015
1344 0.0586707
1385 0.0586506
1388 0.0586154
1391 0.0584608
1393 0.0583819
1396 0.058381
1399 0.0581662
1440 0.0581662
1444 0.0581662
1447 0.0581367
1468 0.0580484
1503 0.0580483
1508 0.0580483
1512 0.0580483
1519 0.0580263
1521 0.0579233
1522 0.0579233
1532 0.0579069
1533 0.0579068
1534 0.0579068
1539 0.0579068
1544 0.057881
1546 0.0577652
1547 0.0577193
1560 0.0576305
1561 0.0575504
1569 0.057536
1573 0.0575117
1577 0.0574455
1581 0.0574455
1583 0.0574455
1586 0.0574455
1588 0.0574455
1589 0.0574008
1655 0.0574008
1663 0.0574008
1667 0.0574008
1672 0.0574008
1674 0.0574008
1680 0.0574008
1687 0.0574008
1696 0.0574008
1697 0.0574008
1701 0.0574007
1702 0.0574007
1705 0.0574007
1706 0.0574007
1707 0.0574007
1708 0.0574007
1712 0.0574007
1713 0.0574007
1714 0.0574007
1715 0.0574007
1725 0.0574007
1727 0.0574007
1728 0.0574007
1729 0.0574007
1730 0.0574007
1736 0.0574007
1737 0.0574007
1739 0.0574007
1740 0.0574006
1742 0.0574006
1743 0.0574006
1751 0.0574006
1752 0.0574006
1754 0.0573647
1755 0.0571221
1763 0.0571221
1764 0.0570696
1767 0.0570089
1768 0.0569943
1769 0.0569583
1770 0.0569583
1791 0.0569583
1813 0.0569582
1814 0.0568652
1820 0.0568652
1839 0.05667
1840 0.0565948
1846 0.0565569
1850 0.0564656
1861 0.0561472
1880 0.0558205
1881 0.0553661
1885 0.0552772
1886 0.0552177
1893 0.0550887
1918 0.0550887
1921 0.0547778
1922 0.0545159
