500935635.000000
500935635.000000
516079830.000000
513540136.250000
511006707.000000
508479542.250000
505958642.000000
500935635.000000
495937686.000000
486016962.000000
490610547.352041
487327210.250312
483825170.854952
471727727.544086
476583131.432133
474601191.557306
467207660.956948
450784435.764666
453112620.513390
452483081.086665
445894858.822676
425868826.935956
430284070.423055
426322786.073268
414853480.282669
386486373.078285
393840687.985099
394679843.708842
379465979.678953
345365240.452025
352064113.924653
349169422.938900
332017543.084768
289279890.919327
295691080.276054
295929457.912653
271216106.506570
218455797.039841
232892059.438772
229702884.947676
202340422.282932
143854219.297803
154848951.535218
155390893.266033
123678115.729144
65347246.020813
76714112.356588
74793664.529903
47525342.408424
7633167.750060
14714994.834723
13579826.543342
1450436.133075
19495864.887264
2040608.444425
1218484.717307
36422412.589689
14287319.740750
43624616.644674
8600906.597776
18413259.451378
3255299.555856
24208945.660583
2575480.946315
16451799.590118
3061775.145464
15206817.495998
1499774.402161
8615589.683807
1791070.326843
4451184.841660
681850.488895
5379366.685305
536575.705527
2900502.081491
605060.165104
2933178.612010
413727.700112
2625373.957495
358396.991253
2142134.924677
305361.768413
2153164.453647
287747.224514
1714704.905818
250528.346675
998107.039140
136569.892614
869312.117181
122717.441162
787426.156554
107291.482924
586317.444610
84679.207973
533402.646031
70982.279539
428905.890337
62867.654031
434277.335064
56445.217134
346718.701008
52077.674548
204329.147512
26955.425296
172072.849646
25297.593446
161652.029571
21076.128984
116343.753610
17689.725540
109184.068484
13745.966024
85171.442877
13253.231591
88341.156232
10798.748476
69395.479457
11094.790290
42406.701360
5141.742566
33560.956513
5408.228333
33665.746363
3977.971795
22702.440097
3861.828034
22733.854009
2531.386947
16589.800461
2938.753257
17855.363664
2086.225396
13996.136231
2346.271843
8823.746076
1010.624690
6527.929387
1135.090803
6490.790813
745.297165
4914.571041
853.183064
4806.002086
551.642814
3154.497190
568.812086
3761.942980
448.307797
2677.672461
461.975654
1869.168399
216.614667
1249.325024
232.620360
1352.647950
169.114847
962.712778
169.193683
942.551552
111.817556
681.351809
130.411334
730.145606
95.211208
585.169105
104.119974
367.684709
51.669372
276.943437
54.746120
274.861627
39.006987
208.968097
45.124349
203.375747
32.504162
140.033062
32.160677
164.752574
27.266022
116.609737
28.762645
86.617182
17.910137
59.713546
19.388609
63.853850
16.723118
49.271636
16.024096
45.214521
14.212236
39.863173
14.594814
39.602382
13.475673
32.884185
13.598306
25.003222
11.677361
20.255197
11.622977
21.123349
11.143098
17.556898
11.240859
17.445027
10.765760
15.476600
10.820619
15.989984
10.566467
14.421084
10.671524
12.784525
10.216189
12.127572
10.259125
12.138843
10.129638
11.445052
10.161510
11.374615
10.058331
11.041259
10.070944
11.161077
10.028137
10.749775
10.031184
10.495697
9.951015
10.305180
9.954351
10.337774
9.932797
10.195055
9.935395
10.189493
9.916043
10.107491
9.919448
10.131093
9.908126
10.064484
9.913314
9.997699
9.894552
9.973202
9.895713
9.973494
9.890471
9.943819
9.892368
9.940814
9.888076
9.928333
9.888093
9.932162
9.886820
9.916568
9.886530
9.906136
9.883328
9.897484
9.883746
9.898898
9.882858
9.893721
9.882703
9.893457
9.881936
9.889589
9.882291
9.890204
9.881799
9.888663
9.881844
9.885420
9.881208
9.884308
9.881171
9.884117
9.881031
9.883425
9.881043
9.883266
9.880919
9.882333
9.880887
9.882678
9.880824
9.882085
9.880864
9.881559
9.880713
9.881358
9.880720
9.881360
9.880677
9.881119
9.880695
9.881092
9.880659
9.880991
9.880658
9.881015
9.880648
9.880898
9.880646
9.880808
9.880619
9.880735
9.880624
9.880747
9.880616
9.880705
9.880614
9.880694
9.880609
9.880679
9.880610
9.880678
9.880607
9.880662
9.880607
9.880639
9.880602
9.880625
9.880602
9.880628
9.880601
9.880618
9.880601
9.880618
9.880599
9.880612
9.880600
9.880614
9.880599
9.880609
9.880599
9.880605
9.880598
9.880603
9.880598
9.880604
9.880598
9.880601
9.880598
9.880603
9.880597
9.880604
9.880597
9.880598
9.880599
9.880598
9.880598
9.880597
9.880598
9.880597
9.880598
9.880597
9.880598
9.880597
9.880598
9.880597
9.880598
9.880597
9.880597
9.880597
9.880597
9.880597
9.880597
9.880597
9.880597
9.880597
9.880597
9.880597
