 DIM = 4
1 22.8852
2 22.3724
5 21.2752
6 19.8119
9 18.5861
10 16.8873
11 16.5875
12 14.6602
14 14.3975
15 13.548
16 13.0325
27 12.5347
28 12.0454
34 11.6776
35 11.0292
38 11.0122
40 10.2648
42 9.37857
43 9.05925
44 7.65875
47 7.27001
48 5.61704
49 4.60862
62 4.35109
65 3.90307
79 3.88895
92 3.84009
95 3.79993
103 3.76753
114 3.76571
117 3.75822
121 3.74316
128 3.72748
133 3.72171
135 3.71528
149 3.71006
151 3.70366
153 3.69864
155 3.68838
159 3.68182
161 3.66958
163 3.65869
165 3.63742
169 3.62153
171 3.59431
173 3.57577
175 3.52135
177 3.51813
179 3.44282
181 3.43921
184 3.35704
186 3.32334
188 3.19994
190 3.1295
192 2.90643
197 2.7401
199 2.44577
201 2.38074
203 1.93417
206 1.84075
208 1.16957
213 0.725141
217 0.649509
237 0.637973
242 0.592108
244 0.157128
247 0.120702
262 0.102762
265 0.101903
284 0.085555
289 0.080933
295 0.066413
306 0.039852
323 0.018862
329 0.018607
351 0.007445
383 0.00426
389 0.003413
410 0.001836
434 0.001346
449 0.001106
456 0.001013
464 0.00063
467 0.000409
494 0.0004
498 0.00034
510 0.000208
526 0.000169
543 0.000121
559 7.5e-05
577 6.4e-05
585 5e-05
603 3.5e-05
621 3.2e-05
630 2.1e-05
649 1.5e-05
668 1.3e-05
688 1e-05
708 8e-06
728 7e-06
738 6e-06
759 5e-06
781 4e-06
854 3e-06
