 DIM = 4
1 3.08106e+11
7 2.78321e+11
8 2.4608e+11
11 2.25925e+11
12 1.91791e+11
13 1.76414e+11
14 1.2979e+11
16 1.20279e+11
18 7.97323e+10
19 6.55992e+10
20 2.8609e+10
22 1.75986e+10
23 4.1741e+09
24 3.03598e+09
27 1.51821e+09
51 1.41129e+09
52 1.36363e+09
58 1.30007e+09
59 1.21406e+09
63 1.1787e+09
65 1.06946e+09
66 1.02836e+09
67 8.66738e+08
69 8.54056e+08
70 6.92736e+08
73 5.1281e+08
75 3.34636e+08
78 2.49236e+08
79 1.51189e+08
84 1.09028e+08
102 1.03623e+08
103 8.86213e+07
105 7.76868e+07
112 6.30266e+07
114 5.39483e+07
117 5.29753e+07
121 3.97172e+07
122 3.82485e+07
124 2.18631e+07
126 1.47886e+07
130 1.34432e+07
135 1.11559e+07
143 9.86587e+06
147 8.93852e+06
153 8.33111e+06
155 6.21052e+06
161 6.15391e+06
163 4.43912e+06
165 3.99378e+06
194 3.96885e+06
197 3.95536e+06
203 3.89987e+06
206 3.87046e+06
213 3.86537e+06
220 3.83396e+06
229 3.83237e+06
234 3.82472e+06
237 3.81383e+06
249 3.79045e+06
262 3.77925e+06
265 3.77405e+06
267 3.76894e+06
275 3.7448e+06
278 3.73869e+06
281 3.72063e+06
284 3.70792e+06
289 3.67662e+06
292 3.6555e+06
303 3.65541e+06
309 3.58676e+06
312 3.5741e+06
323 3.54061e+06
326 3.52252e+06
329 3.44392e+06
332 3.35979e+06
341 3.30689e+06
345 3.27061e+06
348 3.21219e+06
351 3.17253e+06
354 3.06478e+06
357 2.92727e+06
360 2.91406e+06
363 2.8234e+06
367 2.77052e+06
373 2.56334e+06
376 2.44968e+06
380 2.39687e+06
389 2.17477e+06
393 2.00419e+06
400 1.77392e+06
403 1.57011e+06
413 1.12018e+06
417 881679
431 759153
442 524154
452 314626
456 211711
467 182441
479 154906
490 135946
494 117996
518 94926.2
538 94849.5
551 90420.8
564 89975.6
577 88398.3
599 88369.4
608 87571
630 87196.1
635 87191.9
649 87102.2
654 86668.7
693 86333.2
708 86197.3
713 86168
723 85912.4
775 85906.2
792 85832.1
860 85828.8
871 85828.4
883 85826.9
895 85825
907 85823.5
919 85823.5
944 85823.1
957 85823
970 85822.6
982 85822.3
1035 85822.3
1049 85822.3
1062 85822.3
1076 85822.2
1090 85822.2
1126 85822.2
1140 85822.2
1147 85822.2
1184 85822.2
1214 85822.2
1238 85822.2
1253 85822.2
1285 85822.2
1317 85822.2
1333 85822.2
1358 85822.2
1392 85822.2
1409 85822.2
1426 85822.2
1444 85822.2
1461 85822.2
1515 85822.2
1534 85822.2
1562 85822.2
1590 85822.2
1658 85822.2
1687 85822.2
1790 85822.2
