 DIM = 8
1 3.36573e+09
13 3.35729e+09
14 3.31635e+09
15 3.28455e+09
16 3.21583e+09
18 3.20052e+09
19 3.09452e+09
21 3.0237e+09
22 2.88003e+09
26 2.86142e+09
29 2.7374e+09
32 2.718e+09
35 2.66884e+09
39 2.57477e+09
40 2.48728e+09
45 2.46849e+09
48 2.33996e+09
49 2.23714e+09
52 2.23098e+09
55 2.22661e+09
58 2.05882e+09
59 1.94261e+09
63 1.8579e+09
65 1.73039e+09
66 1.71477e+09
67 1.60455e+09
70 1.60207e+09
72 1.51023e+09
75 1.46621e+09
78 1.11104e+09
79 8.02061e+08
94 6.40711e+08
98 3.563e+08
100 2.24892e+08
112 2.07833e+08
117 1.63023e+08
122 1.33177e+08
145 8.40887e+07
149 7.63841e+07
151 4.36599e+07
167 4.06457e+07
177 3.51663e+07
186 1.81439e+07
197 1.61284e+07
201 1.40261e+07
208 1.30196e+07
213 1.05055e+07
229 9.69617e+06
237 5.67195e+06
249 4.70469e+06
262 4.00227e+06
267 3.53259e+06
286 2.50683e+06
292 2.22648e+06
303 1.99571e+06
318 815904
370 773144
386 561018
406 520881
417 422736
427 273938
445 249945
464 167136
498 132558
522 24512.9
603 23647.4
612 19367.3
644 10840.6
654 10545.9
663 5787.19
718 5364
728 3368.55
733 3310.52
749 1911.26
759 1694.76
786 1326.36
814 1292.99
837 960.916
848 657.114
860 573.41
883 501.561
901 390.912
926 387.915
938 342.588
963 248.437
976 135.79
995 129.144
1069 114.833
1111 92.6281
1126 91.1508
1147 87.2939
1192 56.5813
1222 43.6383
1269 13.4476
1418 6.86947
1488 5.71619
1609 5.54271
1648 3.36861
1667 2.56824
1697 1.94707
1738 1.60764
1779 1.47467
1800 1.13277
1832 0.927014
1864 0.827808
1886 0.508535
2021 0.355885
2068 0.293957
2092 0.261525
2116 0.205268
2165 0.085794
2423 0.082122
2450 0.080718
2477 0.071077
2519 0.065272
2533 0.05684
2561 0.052664
2633 0.032854
2767 0.015459
3068 0.014546
3085 0.010202
3326 0.009727
3362 0.009604
3416 0.008407
3508 0.005983
3879 0.005539
3941 0.004069
3961 0.003389
4109 0.003022
4240 0.001776
4489 0.00166
4606 0.001587
4654 0.001296
4800 0.001089
4874 0.000982
4949 0.000949
5077 0.000891
5103 0.000743
5208 0.00038
5851 0.000345
5910 0.000136
5940 0.000109
6500 7.6e-05
6664 7.4e-05
6730 5.9e-05
7037 5.2e-05
7142 3.2e-05
7430 2.9e-05
7540 2.2e-05
7842 1.6e-05
8438 1.2e-05
8604 7e-06
9252 6e-06
9710 4e-06
9946 3e-06
10435 2e-06
10636 1e-06
