 DIM = 7
1 0.033788
6 0.031753
9 0.031634
12 0.029076
16 0.028365
20 0.02808
30 0.024136
32 0.024092
39 0.023386
40 0.023089
44 0.022651
47 0.020228
60 0.019728
63 0.017051
65 0.016028
69 0.01522
70 0.012111
78 0.009881
97 0.008497
98 0.008425
114 0.008326
130 0.008212
132 0.007832
147 0.007661
157 0.007626
167 0.007532
171 0.00732
190 0.007253
208 0.007239
215 0.007169
227 0.007158
249 0.007148
252 0.007067
257 0.007047
260 0.007024
275 0.006946
278 0.006933
289 0.0069
292 0.006877
303 0.006796
306 0.006758
320 0.006717
323 0.006636
351 0.00649
354 0.006407
373 0.006382
376 0.006298
393 0.006241
403 0.00612
406 0.00602
410 0.006
413 0.005821
431 0.005693
434 0.005435
449 0.005335
452 0.005068
464 0.004943
471 0.004828
475 0.004624
479 0.004501
483 0.004282
518 0.003998
555 0.003965
568 0.003957
585 0.003921
617 0.003823
626 0.003815
635 0.003814
644 0.003756
663 0.003697
688 0.003692
698 0.003664
713 0.003655
723 0.003597
765 0.003572
803 0.003563
825 0.003545
842 0.003527
926 0.003518
938 0.003517
976 0.003509
1009 0.003499
1015 0.003495
1076 0.00349
1083 0.003489
1104 0.003479
1111 0.003474
1118 0.003469
1126 0.003461
1147 0.003452
1155 0.003445
1169 0.003431
1177 0.003419
1192 0.003411
1199 0.003403
1207 0.003391
1214 0.003374
1238 0.003355
1245 0.003335
1253 0.003323
1261 0.003291
1285 0.003244
1293 0.003186
1342 0.00314
1350 0.003117
1367 0.003064
1375 0.003042
1383 0.003028
1392 0.002988
1435 0.002907
1461 0.002886
1506 0.002861
1534 0.00286
1562 0.002821
1600 0.002777
1677 0.002727
1687 0.002705
1821 0.00266
1832 0.002604
1908 0.002566
1919 0.00251
1964 0.002479
1975 0.002457
1987 0.002417
1998 0.002384
2010 0.002363
2021 0.002287
2033 0.002259
2045 0.002133
2092 0.002022
2104 0.001909
2165 0.001708
2177 0.001567
2265 0.001529
2329 0.001447
2505 0.001444
2590 0.001443
2633 0.001437
2662 0.001432
2677 0.001403
2692 0.001392
3019 0.001356
3035 0.001279
3102 0.001241
3118 0.001079
3152 0.001045
3169 0.00087
3565 0.000849
3584 0.000827
3661 0.000776
3680 0.00074
3941 0.000737
4045 0.000717
4109 0.000716
4131 0.000707
4174 0.000692
4218 0.00069
4262 0.000675
4442 0.000648
4465 0.000626
4606 0.000624
4630 0.000614
4678 0.000604
4702 0.000589
4750 0.000585
4775 0.000582
4800 0.000578
4949 0.000572
5000 0.000564
5156 0.00056
5208 0.000555
5370 0.000552
5535 0.000546
5620 0.000544
5851 0.000542
5881 0.000537
5910 0.000536
5940 0.000528
6061 0.000524
6091 0.000516
6183 0.000509
6214 0.000499
6340 0.000484
6372 0.000465
6565 0.000464
6631 0.000457
6664 0.000456
6697 0.000437
6730 0.000414
6865 0.000412
6899 0.000403
6968 0.00038
7002 0.000353
7142 0.000334
7178 0.000316
7213 0.000305
7249 0.000276
7321 0.000253
7357 0.00021
7430 0.000193
7466 0.000128
7652 8.2e-05
7690 6.1e-05
7880 4.1e-05
8316 2.9e-05
8479 2.7e-05
8646 2e-05
9297 1.8e-05
9387 1.7e-05
9524 1.1e-05
10042 9e-06
10188 6e-06
10585 5e-06
10893 4e-06
10945 3e-06
