 DIM = 6
1 2.32392e+06
10 2.31291e+06
11 2.27215e+06
13 2.25099e+06
14 2.18799e+06
18 2.1561e+06
19 2.06922e+06
21 2.05265e+06
22 1.94211e+06
26 1.87738e+06
27 1.72904e+06
29 1.72591e+06
30 1.56569e+06
33 1.55678e+06
34 1.38115e+06
35 1.37967e+06
36 1.14549e+06
39 1.13665e+06
40 902216
43 829875
44 576181
47 496906
48 267694
51 235633
52 77891
55 56251.9
56 5946.51
59 5545.02
73 5192.94
89 5096.65
92 4978.02
97 4659.34
107 4627.15
108 4544.58
112 4510.62
117 4169.17
119 4039.71
121 3912.77
122 3584.96
135 3402.27
137 2986.9
145 2967.57
147 2598.17
153 2365.49
155 2007.72
157 1863.13
159 1335.91
163 1236.19
165 1026.11
215 1024.08
220 984.012
227 944.792
229 918.727
244 869.223
247 825.264
262 779.801
265 718.548
273 716.08
275 682.57
278 651.055
281 583.698
292 537.717
295 533.524
297 516.177
303 484.427
312 477.917
318 454.064
345 434.194
400 430.876
427 426.429
431 423.411
449 420.093
452 415.716
467 413.53
471 406.814
494 400.802
498 393.583
506 390.421
510 379.91
522 379.082
526 367.61
538 358.459
543 338.183
551 335.517
555 308.572
568 299.535
572 266.968
577 262.672
581 209.46
594 201.198
603 161.511
608 152.685
612 113.842
626 104.721
654 91.3373
678 87.5971
688 76.3479
698 67.6246
708 53.5111
713 46.9406
718 34.1061
723 16.9524
759 14.2349
770 12.8243
792 11.7244
814 9.51662
825 8.16344
842 7.44465
854 6.77696
865 6.05946
913 6.05251
932 5.27354
1002 5.24321
1009 4.88875
1049 4.7122
1076 4.34502
1083 4.14884
1140 4.05802
1147 3.95279
1155 3.94317
1192 3.80592
1317 3.80175
1325 3.78872
1350 3.78834
1358 3.7811
1392 3.76425
1479 3.7619
1525 3.75247
1667 3.75092
1769 3.75021
1800 3.75015
