 DIM = 11
1 112
13 110.121
14 107.654
26 107.179
27 104.812
33 104.536
34 102.144
39 101.498
40 98.6187
45 98.5826
47 95.7604
51 95.4925
52 92.4447
58 91.7444
59 88.8745
67 88.6859
70 88.2486
78 88.1193
84 87.5472
100 86.9479
102 86.3996
108 86.3723
110 85.8499
115 85.6687
117 84.935
122 84.6896
124 83.3835
133 83.3079
135 81.959
145 81.9075
147 80.5981
155 80.5483
157 79.7953
163 79.2544
165 78.8534
169 78.5983
188 78.5035
194 78.4652
199 77.6243
201 77.5046
210 77.4728
215 77.3887
225 76.859
227 76.4498
237 76.3047
242 76.0552
244 75.5534
247 75.4237
249 75.0783
265 73.9649
267 73.4195
275 73.3898
286 73.0905
295 72.7309
306 72.3481
332 71.5014
335 71.3123
345 71.0932
373 70.7998
386 70.3015
389 70.0126
420 69.8537
445 69.4287
452 69.307
486 69.2275
490 69.0997
514 68.7675
530 68.6837
543 68.4997
568 68.2699
585 67.9029
590 67.7662
621 67.4669
626 67.1949
659 67.1615
673 66.7717
749 66.6399
803 66.4973
860 66.3957
871 66.3585
901 66.2495
951 66.1604
982 65.9846
995 65.9497
1002 65.8573
1076 65.7665
1090 65.7094
1097 65.6056
1147 65.5852
1162 65.388
1169 65.2313
1199 65.2029
1207 65.0889
1253 65.0328
1261 64.9749
1269 64.9242
1293 64.8902
1317 64.6844
1350 64.4098
1358 64.1779
1383 63.9624
1392 63.5333
1461 63.4141
1470 63.39
1497 63.3197
1552 63.2653
1571 62.6216
1581 62.5611
1590 62.0676
1600 61.5751
1769 61.0836
1800 60.8727
1811 60.7596
1821 60.7564
1832 60.5804
1853 60.5744
1908 60.2747
1930 60.0991
1953 59.3147
1964 58.7555
2045 58.5132
2056 58.0651
2104 58.0442
2140 57.5418
2152 57.0206
2165 56.9366
2177 56.8663
2189 56.4892
2202 55.5437
2265 55.2969
2278 55.2478
2303 54.5671
2343 53.5036
2356 53.0587
2382 52.9948
2436 52.2524
2450 51.3485
2619 50.9294
2662 49.671
2677 48.9094
2890 48.0926
2922 47.5669
3085 46.7431
3135 45.8079
3490 45.7366
3584 45.4569
3699 44.6546
4174 44.4638
4306 44.3905
4397 44.2563
4489 44.0592
4512 43.8693
4654 43.8108
4726 43.7982
4824 43.7353
4924 43.595
5235 43.3865
5262 43.3686
5535 43.3247
5620 43.1863
5735 43.1216
5822 43.0643
6061 42.9387
6340 42.8829
6468 42.8488
6797 42.7872
7503 42.6877
7540 42.6738
7919 42.6605
8036 42.6353
8235 42.6242
8479 42.5951
8858 42.5938
9433 42.5665
9898 42.5321
9946 42.5311
10585 42.5175
10636 42.5163
10687 42.5117
10790 42.4924
11050 42.4718
11103 42.4652
11209 42.4643
11479 42.4366
11534 42.4318
11755 42.4137
11811 42.4036
11867 42.4025
11923 42.3771
12325 42.3752
12383 42.347
12620 42.3383
12679 42.297
12921 42.2802
12982 42.2292
13291 42.2236
13354 42.1689
13735 42.1238
13800 42.0645
13995 42.0549
14061 41.9759
14327 41.9758
14394 41.9139
14666 41.8661
14735 41.7912
14942 41.7538
15012 41.6352
15438 41.6042
15510 41.5441
15728 41.535
16023 41.4667
16098 41.4282
16173 41.3673
16248 41.2291
16784 41.1762
16862 41.0585
17177 41.0217
17256 40.9905
17417 40.8754
17497 40.7455
17906 40.633
17989 40.5337
18072 40.3806
18155 40.0237
18664 40.0094
18750 39.9646
18836 39.8837
18923 39.7522
19098 39.5322
19186 39.2937
19452 39.1679
19541 38.9643
19812 38.6777
20179 38.4758
20551 38.1321
21317 37.748
21414 37.5139
22515 37.3278
23138 37.0977
23455 36.9821
25333 36.8807
26383 36.6998
29259 36.6227
30738 36.5757
31293 36.5131
31433 36.4717
32722 36.4631
33162 36.4357
33310 36.4335
33459 36.3892
33759 36.3734
33909 36.3405
34519 36.2732
34672 36.2049
35138 36.1858
35295 36.1689
35610 36.1281
35768 36.0914
36087 36.0838
36248 36.0518
36897 35.9518
38398 35.901
38739 35.826
38911 35.7392
40134 35.707
40669 35.6087
40849 35.5919
41393 35.5005
41576 35.3387
42879 35.3085
43068 35.1627
43833 35.1322
44026 35.1009
44415 34.9298
44611 34.7221
45203 34.6395
45402 34.3315
46819 34.3031
47231 33.9948
47439 33.6301
48916 33.5956
49131 33.4145
49562 33.2905
49780 33.1973
50658 32.9948
51103 32.9179
51552 32.8598
52004 32.659
54560 32.3404
60038 32.29
60562 32.1835
61355 32.1486
61622 32.0755
62158 31.9834
62428 31.8233
64909 31.8224
65474 31.7142
66904 31.3625
67194 31.0481
70767 30.9081
71380 30.8717
71998 30.8488
72621 30.6635
72934 30.6278
73883 30.5331
74201 30.3906
74843 30.3838
75166 30.3541
75490 30.2189
76142 30.0298
76470 29.8322
76800 29.741
77130 29.3044
78805 29.194
79144 28.9129
81558 28.648
82261 28.5582
82614 28.4275
83326 28.1094
83684 27.6144
86231 27.4437
86972 26.9099
87345 26.172
89615 26.1461
89999 26.0069
91942 25.8979
92731 25.6722
95136 24.9283
98857 24.8148
100555 24.6044
105373 24.5388
106272 24.4162
108094 24.3941
109016 24.1436
109945 24.0134
110882 23.9269
115685 23.9171
118161 23.761
120689 23.7123
123791 23.6848
126435 23.4444
138148 23.328
138731 23.2639
146534 23.2605
147771 23.2065
149647 23.1944
152183 23.1744
154112 23.151
156722 23.1376
162751 23.1217
165502 23.1142
170426 23.0667
175492 23.0589
183749 23.0382
185290 23.0162
193994 23.0027
194805 23.0005
202251 22.9913
203943 22.9572
204794 22.9247
218889 22.9053
220716 22.8966
224415 22.8887
227228 22.8767
232958 22.8629
241817 22.852
245859 22.8515
251004 22.837
252046 22.8231
257317 22.8075
258384 22.7925
263784 22.7901
272653 22.79
278343 22.777
281812 22.7527
296116 22.7515
303531 22.7458
307305 22.7249
308574 22.713
328224 22.7077
335042 22.7013
340595 22.6941
354873 22.6863
362230 22.6812
363719 22.6795
374311 22.679
388373 22.6742
391568 22.6699
406262 22.6532
407927 22.6436
423221 22.6409
424954 22.6307
440870 22.6184
446304 22.6154
453651 22.6141
455506 22.6133
468701 22.5949
470616 22.5818
478354 22.5737
480307 22.5681
492195 22.5398
494204 22.5189
504370 22.4942
506428 22.4544
516839 22.4471
518947 22.4119
529610 22.4037
531768 22.356
538295 22.3469
540488 22.3055
551584 22.2666
553830 22.1988
562903 22.1882
565193 22.1216
579132 22.0861
581487 22.0575
586226 22.0404
588610 22.0288
591003 22.0148
593406 21.9879
603113 21.9448
605564 21.9008
625525 21.897
628065 21.8811
635746 21.8397
638327 21.8159
648752 21.7876
651385 21.7405
656681 21.7029
659345 21.6381
672823 21.6077
678290 21.5619
681040 21.4874
694953 21.4105
697769 21.2814
720701 21.1798
723619 21.0177
753443 20.9013
756490 20.7261
768803 20.7244
771912 20.6351
784470 20.5758
787641 20.4572
794020 20.4359
797229 20.3651
800450 20.3274
803684 20.2224
806931 20.1526
810191 19.9109
826684 19.8904
830022 19.8572
840115 19.7397
853760 19.6409
860664 19.6174
906892 19.4739
910547 19.4549
