 DIM = 2
1 6.6
2 6.1
3 4.636
4 2.994
5 2.494
10 2.40725
12 2.28736
15 2.08503
23 2.08087
24 2.07547
28 2.05376
29 2.04419
38 2.0358
39 2.03417
44 2.02777
45 2.02326
47 2.02079
48 2.01439
49 2.01179
52 2.00122
53 1.99157
56 1.98115
58 1.97129
60 1.94705
62 1.94663
66 1.92471
67 1.91447
72 1.91124
75 1.89036
79 1.87429
84 1.87041
86 1.85302
87 1.84497
92 1.83937
95 1.81867
97 1.80756
102 1.79219
103 1.77487
110 1.76479
112 1.75457
115 1.72376
122 1.70945
126 1.70019
130 1.69925
133 1.68388
137 1.6818
141 1.67481
145 1.65709
151 1.62514
163 1.61745
181 1.61266
184 1.60873
186 1.60741
188 1.6025
190 1.59799
192 1.59462
194 1.58688
197 1.58065
203 1.57969
208 1.56861
210 1.55836
215 1.55291
225 1.53489
227 1.52668
232 1.5071
234 1.50602
247 1.50593
252 1.49436
254 1.48424
260 1.48082
267 1.47873
270 1.46091
273 1.45548
278 1.44024
281 1.42905
286 1.40806
300 1.4036
303 1.4001
306 1.37879
315 1.35684
329 1.3422
332 1.32707
345 1.30949
348 1.2953
354 1.2674
357 1.26392
373 1.25813
380 1.24466
383 1.23347
393 1.22051
410 1.21404
413 1.20682
417 1.20108
424 1.1873
427 1.17494
442 1.17449
449 1.15856
460 1.14657
464 1.14196
475 1.13404
479 1.12974
483 1.11613
494 1.08822
498 1.07382
514 1.06559
518 1.06453
522 1.05085
534 1.00611
559 0.996292
564 0.993778
585 0.977307
590 0.97088
594 0.955216
599 0.946989
617 0.939547
621 0.932819
626 0.929864
635 0.909274
640 0.904233
649 0.88812
663 0.878538
668 0.856579
673 0.854928
688 0.841996
698 0.816201
703 0.799121
713 0.795499
723 0.792342
733 0.77847
744 0.774183
754 0.772821
765 0.744647
781 0.732631
803 0.726286
820 0.723568
831 0.718969
842 0.718384
854 0.710681
871 0.701421
901 0.69555
907 0.689859
932 0.682629
938 0.676047
951 0.663926
957 0.657633
976 0.653556
982 0.651446
989 0.642888
1002 0.639878
1022 0.632713
1035 0.625147
1062 0.62019
1069 0.614837
1097 0.607471
1104 0.600363
1118 0.58505
1126 0.57579
1140 0.563429
1147 0.558252
1155 0.539817
1162 0.537218
1177 0.508372
1184 0.497275
1222 0.476553
1245 0.454182
1253 0.45223
1277 0.444934
1293 0.414455
1301 0.398054
1325 0.38108
1358 0.367718
1375 0.36482
1392 0.353492
1409 0.33893
1435 0.306821
1488 0.300926
1497 0.288358
1543 0.287888
1552 0.28372
1562 0.27409
1571 0.271079
1600 0.263604
1609 0.25781
1638 0.257029
1648 0.256595
1658 0.241105
1667 0.228733
1687 0.213981
1697 0.194789
1728 0.163852
1738 0.145385
1769 0.11349
1821 0.099102
1832 0.0824
1886 0.056958
1930 0.055127
1941 0.051758
1953 0.027563
1964 0.016687
2033 0.015279
2068 0.005532
2140 0.00218
