 DIM = 8
1 3.36798e+09
13 3.35515e+09
14 3.31494e+09
15 3.28331e+09
16 3.21344e+09
18 3.19733e+09
19 3.09551e+09
20 3.09474e+09
21 2.96248e+09
23 2.95448e+09
24 2.86965e+09
26 2.8491e+09
27 2.77933e+09
28 2.76942e+09
32 2.60498e+09
40 2.40029e+09
42 2.24047e+09
52 2.21222e+09
55 2.15939e+09
58 2.05915e+09
65 1.83701e+09
66 1.72221e+09
75 1.59155e+09
76 1.56968e+09
79 1.32499e+09
81 1.19365e+09
92 1.14941e+09
97 9.68737e+08
107 8.26074e+08
117 7.62297e+08
126 6.23425e+08
133 6.14268e+08
151 4.63757e+08
153 3.94137e+08
169 3.81068e+08
186 2.45004e+08
188 1.76307e+08
201 1.29801e+08
208 1.15088e+08
217 7.32634e+07
225 5.52734e+07
252 4.98181e+07
254 2.72319e+07
286 2.20296e+07
292 1.86136e+07
300 1.74992e+07
306 1.67206e+07
312 1.34147e+07
320 1.16905e+07
335 9.87352e+06
345 9.35933e+06
354 4.97597e+06
386 3.7628e+06
413 3.31813e+06
424 2.23271e+06
434 825058
543 632995
555 441778
581 358782
608 357548
617 338760
630 293706
635 260357
649 244571
659 241598
668 233181
678 213643
693 154452
733 118458
775 108859
814 85219.4
860 82740.1
901 79725.5
913 79069.6
932 78911.1
944 78320
951 52959.7
1028 48249.9
1049 43334.8
1055 42731
1069 37764.8
1083 30959.4
1118 19723.2
1126 18954.4
1133 18738.8
1155 18397.5
1184 16153
1199 8845.27
1269 6935.34
1342 6445.29
1350 4633.59
1409 2806.75
1444 2458.05
1506 2274.96
1552 1362.8
1571 1166.3
1600 948.305
1609 813.32
1687 591.772
1717 557.444
1738 515.385
1758 512.932
1769 421.289
1790 355.707
1821 341.334
1843 318.806
1864 213.944
1953 157.169
1975 142.52
2010 102.318
2045 78.4152
2068 66.8342
2227 59.4728
2252 56.2792
2278 46.1141
2316 44.9615
2329 42.7562
2382 36.9041
2409 36.7188
2436 36.1344
2463 28.3147
2662 25.6478
2692 22.8291
2797 21.7863
2890 21.0925
2906 20.2922
2954 20.0272
2970 17.0701
3002 16.7106
3135 16.6082
3204 13.4439
3221 13.2293
3273 11.6092
3291 11.382
3326 9.76248
3344 9.1923
3380 7.69021
3434 6.09051
3527 5.90079
3622 4.10345
3661 3.33667
3839 2.40807
4152 2.29724
4218 1.93678
4284 1.9256
4306 1.00402
4606 0.949132
4726 0.8683
4849 0.698232
5130 0.642476
5156 0.556453
5208 0.535534
5343 0.333483
5764 0.282731
5940 0.279379
6030 0.272655
6061 0.261244
6122 0.209616
6246 0.178216
6500 0.150451
6565 0.138226
6764 0.101684
6831 0.09262
7072 0.085619
7142 0.071875
7285 0.066763
7393 0.062421
7540 0.055627
7614 0.054832
7690 0.03522
7997 0.020077
8397 0.013023
9119 0.010391
9479 0.005906
10139 0.005071
10286 0.003861
10636 0.003203
10790 0.002857
11156 0.001717
12037 0.001527
12383 0.001111
12501 0.000817
13865 0.000589
14327 0.000545
14804 0.000338
14873 0.000333
15438 0.000274
15949 0.000239
16399 0.000235
16706 0.000214
16784 0.000163
18239 0.000157
18578 0.000136
19363 0.000133
19721 0.000112
20931 0.000107
21219 0.000101
21512 9.8e-05
22109 8.9e-05
22413 8.7e-05
23669 8.1e-05
24543 7.4e-05
25105 7.2e-05
25447 7e-05
25679 6.9e-05
26029 6.5e-05
26623 6.4e-05
26985 6.1e-05
27599 5.8e-05
27849 5.6e-05
27974 5.5e-05
28482 5.2e-05
28610 5e-05
28868 4.8e-05
29259 4.6e-05
29789 3.8e-05
29923 3.3e-05
30738 3e-05
31153 2.7e-05
31574 2e-05
31715 1.8e-05
32722 1.3e-05
32868 9e-06
35138 6e-06
38059 4e-06
38398 3e-06
40311 2e-06
42130 1e-06
