 DIM = 11
1 9.60594
4 8.89433
26 8.81373
27 8.47025
32 8.31047
33 8.09662
36 8.08086
38 7.7732
43 7.613
44 7.37782
47 7.36808
48 7.13567
51 6.98952
66 6.90091
73 6.70748
76 6.67085
97 6.40724
98 6.27675
107 6.25608
112 6.22687
132 6.16535
135 6.07197
167 6.04196
169 5.99087
177 5.97055
179 5.9365
190 5.89158
197 5.84193
201 5.84121
217 5.77876
220 5.66503
242 5.65495
247 5.54585
249 5.50338
254 5.43207
257 5.34652
275 5.32437
315 5.32059
332 5.31096
338 5.31051
345 5.29025
357 5.2853
370 5.26296
376 5.25451
413 5.24728
420 5.24172
438 5.20306
442 5.17701
486 5.1628
494 5.16206
502 5.14632
510 5.13076
522 5.10169
547 5.09802
572 5.06837
577 5.04075
678 5.02901
723 5.00932
728 4.99224
765 4.98454
786 4.94342
957 4.93284
1042 4.90682
1214 4.89885
1293 4.89454
1383 4.89024
1392 4.88808
1418 4.88522
1426 4.88374
1461 4.87715
1470 4.87432
1506 4.87198
1525 4.86908
1571 4.86652
1590 4.86324
1619 4.85988
1628 4.85717
1697 4.85074
1758 4.84924
1779 4.83508
2033 4.8327
2104 4.82919
2165 4.82765
2202 4.82333
2278 4.82083
2316 4.81915
2329 4.81507
2369 4.81301
2409 4.81267
2423 4.80965
2450 4.80901
2477 4.80682
2533 4.79597
2547 4.78954
2648 4.78568
2662 4.77956
2752 4.77437
2767 4.76864
2890 4.76401
2906 4.75495
2938 4.75271
2954 4.73937
3052 4.72888
3068 4.70979
3102 4.7087
3118 4.67384
3204 4.67104
3221 4.63243
3273 4.62478
3291 4.5904
3508 4.5861
3546 4.57841
3565 4.56694
3603 4.54839
3622 4.5103
3778 4.50035
3798 4.46589
4351 4.42219
4374 4.41031
4702 4.40322
4924 4.39508
4975 4.39466
5262 4.38377
5315 4.38357
5424 4.37543
5480 4.36454
5706 4.36317
5764 4.35279
5793 4.34584
5970 4.33995
6000 4.33252
6183 4.32915
6214 4.32413
6277 4.31867
6308 4.30559
6403 4.30285
6435 4.28211
6532 4.27424
6565 4.24741
6730 4.24636
6865 4.2288
6899 4.18971
7503 4.16883
7540 4.14884
8076 4.132
8115 4.13157
8155 4.11998
8195 4.0943
8815 4.09008
8988 4.07718
9031 4.06611
9479 4.06249
9570 4.03483
9617 4.00273
10090 3.99405
10139 3.98969
10188 3.98825
10237 3.98014
10286 3.96736
10335 3.95561
10485 3.94751
10998 3.94392
11103 3.92925
11370 3.91202
12094 3.90083
13417 3.90026
13543 3.89804
13607 3.89362
13865 3.88502
14873 3.88327
15012 3.8808
15295 3.8791
15728 3.87797
16399 3.87297
16706 3.87279
17497 3.86849
17578 3.86827
17823 3.86795
18155 3.86516
18239 3.86283
18923 3.86208
19010 3.86084
19186 3.85995
19631 3.85966
19903 3.85686
19995 3.85293
20551 3.85181
21512 3.84975
22311 3.84783
22824 3.84642
24766 3.84605
25333 3.84563
26383 3.84421
26503 3.84269
27229 3.84234
27352 3.84099
29391 3.84011
29523 3.83859
30328 3.83813
30600 3.83719
30738 3.83628
31433 3.83625
31857 3.83592
32000 3.83549
32576 3.83501
32722 3.83411
34982 3.83254
35138 3.83215
36897 3.83061
38059 3.82965
38228 3.82917
39431 3.82871
39605 3.82832
40849 3.82825
41211 3.82607
41760 3.82583
43833 3.82553
44026 3.82403
45602 3.82402
46410 3.82345
46819 3.82255
48489 3.8214
51103 3.82108
52920 3.82042
53151 3.81961
53617 3.81926
53851 3.81774
56249 3.81713
56741 3.81642
56988 3.81553
58494 3.81552
59261 3.81402
59778 3.81385
60038 3.81284
62428 3.812
72309 3.81179
76470 3.81162
77463 3.81136
78131 3.81104
86600 3.81096
89615 3.81086
93128 3.81085
95136 3.81054
100984 3.8105
105822 3.81049
107179 3.81044
108094 3.81019
108554 3.81015
117662 3.80997
118161 3.80987
119672 3.80987
120179 3.80976
122230 3.80972
124842 3.80966
125371 3.80958
125902 3.80955
126435 3.80949
126970 3.8093
127508 3.80894
129680 3.80892
130228 3.8085
132445 3.80848
133005 3.80812
135268 3.80793
136413 3.80764
136989 3.80721
140495 3.8065
156722 3.80647
162070 3.80627
166197 3.80615
167596 3.80613
179950 3.80607
185290 3.806
191582 3.80599
193187 3.80597
194805 3.80574
202251 3.80567
203095 3.80561
213496 3.80559
222558 3.8054
228174 3.80537
232958 3.80527
233927 3.8052
238829 3.80511
239821 3.80497
248934 3.80496
251004 3.80485
252046 3.8046
258384 3.80457
259455 3.80439
263784 3.80424
264877 3.80395
269293 3.80382
270409 3.80346
276053 3.80344
277196 3.80303
279495 3.80287
280651 3.80215
286504 3.80204
287688 3.80115
293684 3.80082
294897 3.79967
299801 3.79962
301039 3.79825
306042 3.79802
307305 3.79627
311126 3.79617
312410 3.7937
318907 3.79335
320222 3.79047
324199 3.7904
325535 3.78791
330935 3.7875
332298 3.78502
337807 3.78359
339198 3.78259
356333 3.78256
357798 3.78012
366715 3.77991
368222 3.77743
374311 3.77694
375849 3.77415
383630 3.77259
385205 3.77146
386786 3.77063
388373 3.76557
394787 3.76427
396407 3.75811
402951 3.75735
404603 3.7498
407927 3.74846
409600 3.73726
421494 3.72985
428442 3.72628
430196 3.72554
449963 3.72443
488201 3.72341
508493 3.72336
510567 3.72205
531768 3.72184
536111 3.72166
538295 3.72059
560621 3.72017
565193 3.7196
567493 3.71779
583852 3.71699
586226 3.7145
605564 3.71305
608024 3.71014
628065 3.7082
630615 3.70394
648752 3.70385
651385 3.70147
659345 3.69955
662019 3.69319
670106 3.6926
672823 3.68385
689354 3.67978
692148 3.66796
714900 3.6594
717795 3.64743
735407 3.64739
747383 3.63578
750407 3.63566
794020 3.62902
797229 3.6271
803684 3.62311
806931 3.61663
