 DIM = 9
1 0.028862
5 0.028182
9 0.027421
13 0.023586
21 0.020601
43 0.020377
45 0.018783
52 0.018293
58 0.016297
65 0.015787
75 0.015419
90 0.015036
94 0.014499
100 0.013443
114 0.013248
132 0.012983
143 0.012568
167 0.012186
169 0.011856
186 0.011717
190 0.011399
192 0.011122
203 0.010698
206 0.010465
210 0.010143
213 0.009312
220 0.009187
222 0.008456
239 0.007775
247 0.007598
257 0.007074
267 0.006686
309 0.006505
335 0.006397
341 0.005913
363 0.005634
386 0.005562
396 0.005554
427 0.005212
431 0.004979
460 0.004774
464 0.004616
479 0.004538
483 0.00449
490 0.004476
498 0.004352
514 0.004297
547 0.004071
551 0.003994
564 0.003977
581 0.003962
608 0.003749
688 0.003676
744 0.003662
759 0.00366
781 0.003656
792 0.003642
797 0.003616
860 0.003588
871 0.003583
926 0.003576
932 0.003572
944 0.003547
951 0.003525
989 0.003516
995 0.003498
1015 0.003489
1022 0.003471
1028 0.003449
1035 0.003398
1055 0.003389
1062 0.003339
1076 0.003318
1083 0.003237
1104 0.003235
1111 0.003178
1133 0.003168
1140 0.003165
1147 0.003052
1155 0.002932
1192 0.002865
1199 0.002757
1214 0.002726
1222 0.002518
1253 0.002485
1261 0.002261
1277 0.002067
1285 0.001464
1325 0.001379
1333 0.001028
1342 0.00097
1358 0.000915
1453 0.000906
1525 0.000855
1562 0.000847
1590 0.000737
1648 0.000714
1758 0.000693
1811 0.000688
1853 0.000664
1930 0.000647
1953 0.000617
1964 0.000589
2068 0.000582
2080 0.000558
2140 0.000546
2152 0.00051
2239 0.000481
2265 0.000476
2290 0.000445
2303 0.000418
2463 0.000389
2477 0.000381
2619 0.000375
2648 0.000372
2736 0.000352
2752 0.000347
2782 0.000345
2922 0.000332
3002 0.00033
3035 0.000318
3169 0.000317
3204 0.0003
3221 0.000292
3344 0.000288
3416 0.000283
3508 0.000273
3546 0.000263
3565 0.000255
3680 0.000249
3699 0.000245
3778 0.000229
3798 0.000214
3941 0.000207
3982 0.000204
4045 0.0002
4088 0.000199
4131 0.000186
4240 0.000177
4329 0.000167
4419 0.000163
4559 0.000156
4899 0.000155
5000 0.000154
5026 0.00015
5130 0.000146
5480 0.000145
5535 0.000141
5649 0.00014
6153 0.000139
6468 0.000138
6730 0.000137
7357 0.000136
