 DIM = 12
1 2.05938e+07
22 2.05891e+07
23 2.04228e+07
27 2.04098e+07
28 2.01733e+07
35 2.01216e+07
36 1.98451e+07
42 1.98328e+07
43 1.94961e+07
49 1.94274e+07
51 1.90069e+07
58 1.89402e+07
59 1.84558e+07
66 1.8307e+07
67 1.76816e+07
75 1.76742e+07
76 1.70299e+07
82 1.69365e+07
84 1.61412e+07
89 1.60807e+07
90 1.49907e+07
98 1.49142e+07
100 1.36823e+07
107 1.36373e+07
108 1.21642e+07
117 1.20435e+07
119 1.04782e+07
128 1.00841e+07
130 8.35575e+06
139 8.14048e+06
141 6.42778e+06
151 6.15893e+06
153 4.54309e+06
163 4.1829e+06
165 2.75993e+06
175 2.54094e+06
177 1.51124e+06
188 1.39435e+06
190 1.19412e+06
192 1.13702e+06
197 1.13572e+06
201 1.08667e+06
206 1.05316e+06
295 1.00323e+06
297 943118
351 908782
354 865341
370 843420
373 786336
393 759634
396 676970
431 626663
434 535020
456 512773
460 445600
475 444074
479 375101
486 356659
490 254107
522 239507
526 181695
538 177268
543 119838
564 119702
568 102038
581 81769.1
585 80576
590 65556.9
673 64272.7
797 64127.5
842 62739.1
889 60186.2
951 59663.9
957 58966.1
1015 58819
1028 58168.5
1035 57834
1042 57748.5
1062 56870.1
1069 56730
1083 55516.1
1090 54497.6
1111 53542.2
1118 52870.4
1140 51896.8
1147 50969.3
1155 50293.9
1162 48725.7
1169 47818
1177 44223.4
1207 43423.3
1214 39158.5
1238 38541.1
1245 32727.2
1285 32441.6
1293 29327.2
1317 26512.9
1325 21060.9
1350 21036.2
1358 16076.9
1401 12545.6
1409 6805.32
1470 4881.86
1497 4252.87
1543 3415.42
1552 3394.84
1562 3102.42
1600 1782.31
2152 1722.97
2265 1707.4
2396 1694.64
2436 1684.13
2450 1643.89
2463 1632.42
2590 1629.27
2662 1617.29
2736 1609.55
2813 1565.51
2828 1522.78
2986 1510.24
3002 1428.67
3152 1416.08
3169 1362.21
3186 1351.03
3204 1269.25
3308 1263.98
3380 1224.84
3759 1220.46
3859 1190.27
3961 1157.86
3982 1148.45
4306 1134.53
4397 1110.09
4419 1078.12
4606 1069.26
4630 1064.8
4654 1055.34
4678 1036
4726 1019.25
4750 976.191
4924 965.837
4949 961.881
4975 939.048
5000 928.69
5077 913.597
5103 900.446
5130 871.679
5156 823.333
5289 810.731
5343 786.325
5452 786.218
5508 751.927
5706 733.24
5881 726.669
5940 690.663
5970 654.002
6532 647.325
6565 629.906
6664 622.53
6968 586.099
7002 578.711
7107 573.891
7142 563.952
7466 538.293
7765 526.525
7842 496.382
8397 469.156
8438 465.686
8479 457.264
8773 444.599
8901 423.423
9119 409.924
9208 396.866
9297 387.37
9479 384.627
9804 318.79
9851 279.64
10945 246.223
11209 218.791
11263 189.764
11699 189.322
11755 178.511
12501 174.468
13043 173.837
13417 173.384
13671 169.347
13800 169.121
14394 168.505
14529 167.968
14666 167.921
14804 167.322
14942 167.098
15082 166.536
15224 166.244
15510 165.347
16399 165.286
16706 165.098
17177 165.058
17336 165
17497 164.931
17660 164.828
17823 164.802
17989 164.752
18155 164.73
18493 164.711
18664 164.708
18836 164.696
19098 164.634
19274 164.631
19631 164.608
19995 164.566
20364 164.564
20646 164.562
21317 164.54
21610 164.54
21908 164.536
22109 164.531
22721 164.524
22928 164.523
23138 164.52
23993 164.515
24766 164.513
25105 164.513
25333 164.51
26029 164.509
26146 164.509
26623 164.509
26864 164.507
26985 164.506
28354 164.501
29523 164.501
30875 164.5
31433 164.499
32143 164.495
32287 164.492
33162 164.492
33310 164.489
34672 164.487
34827 164.485
35452 164.482
35610 164.476
37061 164.473
37225 164.468
38059 164.466
38228 164.461
38398 164.459
38568 164.447
39957 164.438
40134 164.422
41211 164.422
41393 164.41
41944 164.405
42130 164.386
42879 164.374
43068 164.339
44220 164.337
44415 164.301
45203 164.295
45402 164.247
46410 164.241
46614 164.197
47231 164.187
47439 164.119
48277 164.109
48489 164.02
49562 164.001
49780 163.897
50880 163.873
51103 163.745
52004 163.745
52231 163.591
53151 163.586
53384 163.406
54323 163.398
54560 163.202
55278 163.182
55519 162.887
56988 162.837
57236 162.555
57988 162.516
58240 162.126
59519 162.114
59778 161.719
60825 161.661
61090 161.315
61889 161.299
62158 160.847
63520 160.74
63795 160.375
65191 160.192
65474 159.793
67777 159.685
68071 159.413
70159 159.32
70462 159.182
70767 158.961
71073 158.394
73249 158.322
73565 158.12
73883 157.87
74201 157.263
76470 156.673
76800 155.739
78131 155.685
78468 154.702
80515 154.14
80861 152.742
82261 152.483
82614 150.642
84766 150.637
85130 149.836
85495 149.781
85862 148.803
86231 148.154
86600 145.397
88852 145.27
89233 143.511
90384 142.931
90772 140.941
91942 139.964
92336 136.664
95543 134.849
95951 133.15
96773 132.366
97186 130.149
98018 129.771
98437 126.156
102282 124.429
102718 122.749
108094 120.6
108554 117.825
111354 115.859
111827 112.797
115196 110.827
115685 107.455
124315 105.697
124842 103.039
128047 101.616
128589 99.0201
131332 97.1658
131887 95.7591
133567 93.8797
134132 91.269
135839 90.4566
136413 88.3444
138148 88.1369
140495 83.3944
141088 81.3575
144089 79.2263
147151 77.3915
147771 77.0969
148394 75.9371
149019 75.9065
149647 75.8711
150910 75.7975
154112 72.6026
168299 70.0813
182220 68.8955
182983 68.6878
186844 68.4539
189199 66.6824
189990 65.2591
199739 63.8252
200573 62.3733
205648 61.4234
206506 59.2885
214386 58.3819
215280 57.9516
216177 56.6472
217077 54.8586
223485 54.7044
228174 54.2158
231033 53.1314
239821 52.4177
264877 52.4043
265974 52.1791
291271 52.0971
296116 52.0762
298568 52.065
309847 52.0239
317597 52.0198
321542 52.0093
328224 52.0064
335042 51.9932
349093 51.9891
351972 51.9877
354873 51.9822
360747 51.9817
366715 51.9796
378943 51.9773
383630 51.9764
386786 51.9751
396407 51.9748
399666 51.9744
402951 51.9734
409600 51.9733
419774 51.9729
423221 51.9723
426694 51.9722
430196 51.9718
437284 51.9717
448130 51.9715
459238 51.9713
466793 51.9713
470616 51.9712
474469 51.9711
478354 51.971
482269 51.971
494204 51.971
500279 51.971
502321 51.9709
508493 51.9709
512650 51.9709
529610 51.9708
533935 51.9708
540488 51.9708
565193 51.9707
583852 51.9707
588610 51.9707
595818 51.9707
598240 51.9707
610495 51.9706
612975 51.9706
630615 51.9705
633176 51.9705
646130 51.9705
648752 51.9704
667400 51.9704
672823 51.9703
675551 51.9702
683800 51.9702
686572 51.9702
692148 51.9701
697769 51.9701
703434 51.9701
712016 51.97
714900 51.9699
720701 51.9698
723619 51.9695
750407 51.9694
753443 51.9693
759550 51.9691
762622 51.9688
794020 51.9683
797229 51.9678
830022 51.9675
833373 51.9671
836737 51.9671
840115 51.9663
867622 51.9662
871122 51.966
874636 51.9655
878164 51.9644
899624 51.964
903251 51.9627
917901 51.9627
921600 51.9612
940314 51.9612
944101 51.96
951720 51.9596
955553 51.9575
971034 51.9573
974943 51.9551
990732 51.9549
994719 51.9521
1006773 51.952
1010822 51.9486
1031312 51.9484
1035459 51.9459
1043801 51.9447
1047997 51.9393
1077835 51.9375
1082165 51.9316
1099657 51.9311
1104073 51.9255
1126416 51.9233
1130938 51.9148
1149203 51.9145
1153815 51.9043
1181867 51.9013
1186607 51.8902
1205755 51.8888
1210589 51.874
1239997 51.8728
1244965 51.864
1249954 51.861
1254962 51.8391
1285427 51.8323
1290575 51.8062
1321889 51.8053
1327180 51.7829
1348554 51.7748
1353950 51.7439
1375746 51.7426
1381249 51.7049
1397888 51.7047
1403478 51.6534
1437481 51.6318
1443227 51.5671
1472294 51.554
1478176 51.4777
1507935 51.4508
1513957 51.3464
1550589 51.3064
1556778 51.1763
1588092 51.1712
1594428 51.0424
1620024 51.0216
1626486 50.8561
1646024 50.8538
1652588 50.6381
