 DIM = 5
1 16.1588
2 15.8491
3 15.6487
7 15.0791
8 13.9063
10 13.6383
11 12.1858
13 11.8779
14 10.236
15 9.98927
16 7.74993
19 7.23941
20 4.99175
22 3.85085
23 1.87545
26 1.65033
27 1.05304
28 0.851946
51 0.822219
52 0.802943
53 0.790682
55 0.757752
58 0.699698
59 0.630498
60 0.611528
62 0.579851
76 0.557882
95 0.54322
97 0.530629
100 0.523453
102 0.510916
107 0.491461
108 0.472228
117 0.451896
151 0.450788
155 0.450344
163 0.449978
165 0.449904
171 0.449503
184 0.449107
208 0.449027
210 0.449026
