 DIM = 11
1 199.878
3 199.86
4 199.856
5 199.745
8 196.002
13 178.851
14 159.921
29 157.339
30 142.805
34 142.788
35 124.77
40 123.916
42 104.279
47 98.6942
48 75.5038
55 73.4628
56 53.1996
62 48.69
63 31.3098
70 29.5611
72 23.7163
75 23.6444
175 23.6158
184 23.5342
186 23.4334
232 23.4171
234 23.3123
242 23.2909
244 23.1483
262 23.1445
265 22.9641
275 22.9341
278 22.6382
295 22.3874
297 21.8236
315 21.7277
318 20.9575
329 20.8799
332 19.5811
345 19.3868
348 17.0357
357 16.6201
363 15.6854
370 15.4819
376 13.4722
417 12.7127
449 12.0211
452 8.83094
543 7.47762
590 5.68946
594 4.32313
630 3.92785
640 2.71081
713 2.29858
749 2.12023
765 1.91006
932 1.87185
970 1.84906
1028 1.84777
1055 1.83419
1069 1.81334
1083 1.81151
1097 1.80145
1222 1.7999
1238 1.79705
1269 1.79337
1285 1.79317
1342 1.79298
1435 1.79284
1453 1.79187
1470 1.79083
1552 1.79076
1581 1.79033
1600 1.79003
1638 1.78966
1697 1.78926
1779 1.78862
