 DIM = 5
1 15.5
6 15.278
7 15.234
8 14.9714
11 14.829
12 14.4454
14 14.3711
15 13.9083
18 13.639
19 12.8841
20 12.8585
21 11.7078
23 11.4685
24 11.0806
26 10.273
34 9.10463
35 8.99822
42 8.52826
48 8.05065
55 7.60375
56 7.34749
75 7.25315
87 7.04005
90 7.03804
100 6.96951
108 6.94488
112 6.90603
115 6.75114
128 6.71739
130 6.65646
147 6.52053
149 6.39831
157 6.29945
159 6.17486
161 6.074
163 5.78483
171 5.77861
173 5.5833
175 5.41988
177 5.00958
184 4.79072
186 4.39202
188 4.36762
192 3.94842
194 3.33465
227 2.86326
234 2.85858
247 2.67652
254 2.39833
265 2.28297
267 2.0084
278 1.48722
281 0.950495
297 0.630459
335 0.583938
354 0.582835
360 0.576769
367 0.532101
373 0.514009
380 0.513544
410 0.507466
417 0.498161
427 0.466285
483 0.464756
510 0.449316
555 0.447898
559 0.446357
568 0.441741
612 0.437709
698 0.436909
733 0.436871
744 0.436484
749 0.435915
814 0.435564
848 0.435031
926 0.434877
963 0.43482
1015 0.434745
1062 0.434614
1076 0.434602
1090 0.4346
1111 0.434597
1126 0.434503
1147 0.43447
1169 0.434276
1230 0.434155
1238 0.434061
1309 0.433951
1325 0.433936
1342 0.433822
1350 0.433671
1375 0.433647
1383 0.433451
1401 0.433427
1409 0.433167
1426 0.433039
1435 0.432696
1453 0.432397
1461 0.43176
1488 0.431307
1497 0.430398
1515 0.429945
1525 0.428569
1543 0.428423
1552 0.426703
1562 0.426503
1571 0.423873
1590 0.422966
1600 0.419248
1619 0.417312
1628 0.411678
1648 0.410254
1658 0.402912
1667 0.402909
1677 0.392405
1697 0.387106
1707 0.370984
1728 0.363626
1738 0.339484
1758 0.334635
1769 0.30388
1779 0.302494
1790 0.25714
1811 0.235982
1821 0.221718
1832 0.192584
2239 0.192508
2265 0.191432
2316 0.191145
2369 0.190481
2491 0.19023
2575 0.190166
2662 0.190048
2782 0.189998
2875 0.18999
2970 0.189949
3068 0.189935
3135 0.189932
3273 0.189927
3326 0.189926
3362 0.18992
3398 0.189917
3490 0.189907
3879 0.189906
3961 0.189905
4131 0.189904
