 DIM = 9
1 1125
20 1124.32
21 1118.97
26 1117.74
27 1111.26
30 1109.86
32 1101.39
35 1100.85
36 1090.75
40 1086.69
42 1071.3
47 1069.89
48 1054.13
52 1051.03
53 1031.39
58 1027.37
59 1002.66
65 993.965
66 966.017
69 965.478
70 928.736
78 918.44
79 888.104
84 880.267
86 852.941
90 846.441
92 822.913
110 806.062
112 790.446
126 788.035
130 768.534
132 747.492
149 737.303
151 719.739
161 713.051
163 704.83
167 689.783
169 668.719
179 663.158
181 656.19
186 650.37
190 625.792
192 600.532
232 591.421
234 576.632
244 566.477
247 554.046
252 544.036
254 522.391
262 515.868
265 500.721
267 489.315
270 460.017
278 440.823
281 399.76
300 389.58
306 365.587
309 360.739
315 345.29
320 339.384
326 321.057
332 318.418
341 299.423
360 298.871
367 284.454
383 278.258
403 277.101
413 256.255
417 256.123
434 236.328
438 226.732
502 218.885
510 205.846
514 195.549
538 195.216
551 189.038
568 181.744
572 180.377
581 179.349
594 169.638
617 161.197
626 158.617
640 157.461
703 154.8
713 152.93
723 144.647
728 140.945
765 140.147
792 133.459
797 131.773
877 125.705
926 124.969
951 118.293
957 117.778
1009 117.218
1022 115.698
1069 113.314
1090 113.306
1104 112.809
1118 109.309
1140 108.071
1169 105.521
1230 104.59
1245 103.906
1277 99.9502
1285 99.7681
1301 96.0261
1309 93.8459
1358 93.1598
1383 92.2579
1401 91.3146
1418 83.8783
1426 77.9728
1479 77.3344
1488 75.7042
1506 71.4472
1515 69.1813
1534 68.1883
1562 63.5394
1581 60.0877
1590 58.871
1600 56.7237
1619 53.1508
1628 51.2439
1677 48.6876
1758 44.6343
1941 43.0335
2033 41.6494
2104 40.7556
2128 40.2445
2239 40.2392
2278 38.9242
2303 38.1389
2505 37.9642
2707 37.909
2828 37.7261
2954 37.5964
3052 37.5751
3085 37.5107
3169 37.3537
3344 37.2313
3362 37.1999
3471 37.1563
3622 37.1055
3680 36.9837
3699 36.9674
3719 36.9623
3798 36.8782
3839 36.8279
3879 36.8255
3961 36.8017
4003 36.6451
4109 36.5821
4262 36.5607
4306 36.5078
4351 36.5056
4465 36.3897
4654 36.3463
4678 36.3418
4702 36.3056
4899 36.1747
4924 36.1601
5052 36.1393
5620 36.1255
5822 36.1204
5910 36.1072
6183 36.1028
6340 36.1019
6435 36.0987
6468 36.085
7142 36.0846
7321 36.0757
7357 36.0711
7727 36.0709
7765 36.0698
7919 36.0693
8036 36.0646
8115 36.0643
8275 36.0589
8520 36.0543
8730 36.0542
8815 36.0509
8988 36.0487
9119 36.0457
9342 36.0415
9710 36.0381
9946 36.0363
10435 36.0308
10485 36.0286
10945 36.0265
10998 36.0258
11103 36.0249
11263 36.0229
11370 36.0193
11425 36.0185
11644 36.0157
11867 36.0151
12151 36.0132
12383 36.0107
12501 36.0098
12679 36.0098
12860 36.0098
13291 36.0074
13995 36.0059
14127 36.0056
14804 36.0052
14942 36.0044
15082 36.0041
15655 36.0037
15801 36.0027
16629 36.0025
17098 36.002
17497 36.0019
18155 36.0009
18239 36.0007
19721 36.0004
20179 36.0003
21512 36.0002
21709 36.0002
21908 36.0002
22109 36.0002
22311 36.0001
22413 36.0001
22824 36.0001
23138 36.0001
23243 36.0001
23776 36.0001
24102 36
24322 36
24543 36
25447 36
25679 36
25911 36
26623 36
27229 36
27475 36
28100 36
29259 36
30192 36
30600 36
33609 36
