 DIM = 3
1 21.8829
2 21.4232
3 21.392
5 20.5041
6 19.4546
8 18.927
9 17.7061
10 16.5434
11 14.2063
13 11.6779
14 8.01683
15 6.94438
16 2.45055
18 2.22076
19 1.43926
20 1.22768
27 1.21124
32 1.18537
35 1.11536
36 1.05888
40 0.933389
42 0.833768
44 0.799978
45 0.727881
47 0.525768
48 0.350835
56 0.314084
58 0.215542
72 0.204536
75 0.191423
81 0.187892
82 0.174707
95 0.172243
97 0.170238
114 0.170138
119 0.169043
121 0.168378
122 0.167266
130 0.16633
132 0.166045
133 0.16427
135 0.162043
137 0.161925
139 0.159165
141 0.157217
143 0.154662
147 0.149684
149 0.146951
151 0.143449
153 0.140812
155 0.138677
167 0.136437
169 0.134942
173 0.133368
179 0.1307
184 0.128487
199 0.126837
201 0.125401
229 0.124497
267 0.12449
278 0.124463
289 0.124457
295 0.12445
297 0.12442
300 0.124387
318 0.124378
332 0.124365
354 0.124361
367 0.124353
370 0.124352
386 0.124348
400 0.124344
431 0.124343
434 0.124339
