 DIM = 2
1 1.79577e+06
2 1.78239e+06
3 1.42722e+06
4 1.12141e+06
5 1.11084e+06
6 849564
7 474477
8 187670
9 112606
10 7750.83
18 5606.69
20 3262.12
22 33.92
33 29.3273
38 26.9757
40 25.6443
44 25.2506
52 25.2487
53 25.2369
56 25.221
60 25.1942
65 25.1839
66 25.1646
72 25.1538
73 25.1413
75 25.1278
76 25.1096
78 25.0787
79 25.04
81 25.0072
82 24.9542
84 24.8658
86 24.7495
87 24.6679
89 24.5106
90 24.2631
92 23.9268
94 23.6625
95 23.1057
97 22.5805
98 22.1
100 21.5173
110 21.1619
112 20.7765
115 20.607
119 20.179
122 20.0575
126 19.6792
130 19.6062
133 19.2412
139 18.8378
147 18.4657
149 18.4147
151 18.0214
153 17.6751
159 17.119
161 16.7472
167 16.5818
169 16.1562
171 15.3057
173 14.6897
175 13.9078
188 13.5633
190 13.1142
194 12.5194
201 11.8488
210 11.7635
215 11.3208
217 11.2512
220 10.8488
222 10.591
227 9.50156
229 8.94302
244 8.255
257 7.75087
260 7.42974
265 6.93921
267 6.4972
275 6.41836
278 6.04023
284 5.89326
286 5.29809
289 4.89261
297 4.81042
300 4.46247
306 4.10808
315 3.97977
326 3.67651
329 3.54258
332 3.44611
341 3.37685
345 3.26872
348 3.22521
354 2.90744
357 2.70519
370 2.461
373 2.17407
393 2.04633
396 2.01882
400 1.79754
403 1.65472
417 1.42388
431 1.39058
434 1.3424
438 1.15487
445 1.06889
449 0.929217
456 0.928659
464 0.816638
475 0.770869
483 0.680556
494 0.622523
510 0.615583
514 0.611935
518 0.538108
522 0.495796
526 0.483687
530 0.446561
534 0.402443
543 0.267074
568 0.220133
572 0.20902
585 0.17125
590 0.167775
603 0.138778
608 0.128547
617 0.075161
621 0.071829
635 0.060647
644 0.021372
673 0.014087
693 0.008945
698 0.007832
708 0.001413
733 0.001249
738 3.8e-05
803 1.9e-05
814 1.1e-05
825 2e-06
854 1e-06
865 0
