 DIM = 11
1 0.02674
8 0.025545
11 0.0244
15 0.01981
26 0.018748
28 0.018056
45 0.016897
52 0.016757
59 0.016459
62 0.016428
63 0.015103
66 0.014998
82 0.01487
84 0.013787
90 0.013633
94 0.012863
103 0.012647
105 0.012573
115 0.012448
121 0.011752
139 0.01171
151 0.011628
157 0.011049
173 0.010621
181 0.010602
192 0.010405
215 0.01033
217 0.010156
237 0.010137
239 0.010074
252 0.010023
254 0.009899
260 0.009832
278 0.009791
297 0.009447
300 0.009313
338 0.009293
370 0.009241
380 0.00923
389 0.009225
396 0.009122
424 0.009086
434 0.009036
442 0.009029
456 0.008958
486 0.008857
490 0.008768
518 0.008759
530 0.008738
543 0.008665
547 0.008657
559 0.008552
564 0.008484
581 0.008458
585 0.008401
603 0.008217
608 0.008046
630 0.008033
635 0.008011
668 0.007788
683 0.007705
688 0.007616
744 0.007489
792 0.007377
842 0.007343
848 0.007314
883 0.007271
889 0.007256
913 0.007207
976 0.007164
989 0.007148
1015 0.007119
1049 0.007087
1118 0.007055
1184 0.006979
1192 0.006974
1245 0.006962
1309 0.006899
1317 0.006891
1375 0.006888
1418 0.006873
1461 0.00685
1534 0.006846
1571 0.006843
1628 0.006808
1800 0.006805
1832 0.00679
1853 0.006789
1964 0.006786
2021 0.006777
2104 0.00677
2140 0.006765
2239 0.006759
2278 0.006745
2290 0.006732
2463 0.006711
2477 0.00669
2604 0.006688
2662 0.006664
2677 0.006647
2797 0.006639
2828 0.006629
2843 0.006627
2875 0.006606
2890 0.006596
2906 0.006579
2922 0.006546
3035 0.006529
3052 0.00651
3102 0.006497
3118 0.006494
3152 0.006482
3186 0.006457
3204 0.006445
3238 0.006421
3256 0.006402
3291 0.006394
3308 0.006392
3326 0.006381
3380 0.006321
3398 0.006263
3719 0.006196
3739 0.006151
3961 0.006149
4003 0.006131
4066 0.006121
4109 0.006095
4240 0.006045
4262 0.006026
4442 0.006011
4559 0.005975
4582 0.005967
4800 0.005961
4949 0.005953
5026 0.005952
5208 0.005924
5452 0.005922
5649 0.005913
5793 0.005896
5822 0.005892
5970 0.005885
6214 0.005877
6372 0.005859
6730 0.005854
6831 0.00583
6865 0.005818
7249 0.00579
7285 0.005761
7690 0.005749
7727 0.005729
7958 0.00571
7997 0.005697
8115 0.005682
8155 0.005675
8195 0.005662
8235 0.005646
8397 0.005616
8438 0.005588
8562 0.005568
8604 0.005535
8858 0.005527
9119 0.005491
9208 0.005475
9524 0.005463
9570 0.005456
9804 0.005433
9851 0.005417
10090 0.005402
10139 0.005396
10286 0.005389
10385 0.005375
10585 0.005357
10893 0.005349
10998 0.005343
11263 0.005337
11425 0.005325
11589 0.005309
11644 0.005307
12037 0.005305
12209 0.005292
12325 0.005272
12383 0.005254
12921 0.005236
12982 0.005209
13229 0.00518
13291 0.005106
13671 0.005052
13735 0.004834
14260 0.004827
14462 0.004738
14873 0.004563
14942 0.004489
15728 0.00446
15801 0.004444
15949 0.004427
16324 0.00434
16399 0.004255
18493 0.00418
19721 0.004175
20364 0.004135
20740 0.004115
20931 0.004094
21027 0.004093
23243 0.004081
24322 0.004079
24766 0.004076
24991 0.004065
25218 0.004062
26146 0.004044
26265 0.004036
28227 0.004035
28739 0.00403
29259 0.004028
30057 0.004022
31857 0.004021
32143 0.004018
32868 0.004013
33609 0.004012
34672 0.004009
35295 0.004008
35927 0.004007
37061 0.004006
37557 0.004001
37724 0.003998
40134 0.003996
40669 0.003995
42503 0.003993
44220 0.003992
46410 0.003991
49346 0.003989
51777 0.003988
52004 0.003987
58240 0.003986
58749 0.003985
65474 0.003984
