 DIM = 5
1 2.53776e+09
10 2.45217e+09
11 2.36855e+09
12 2.27324e+09
13 2.09489e+09
15 2.03168e+09
16 1.85868e+09
18 1.84119e+09
19 1.6856e+09
20 1.6843e+09
22 1.32679e+09
23 9.82246e+08
29 8.67428e+08
32 6.27838e+08
33 4.7856e+08
36 2.63437e+08
38 2.0421e+08
43 7.54064e+07
59 6.91212e+07
63 3.7046e+07
73 2.12764e+07
79 1.97392e+07
86 8.48048e+06
87 6.21867e+06
100 6.20094e+06
103 2.59574e+06
110 2.00545e+06
117 1.64655e+06
121 1.47209e+06
124 869401
132 732779
139 466266
143 394293
147 262712
153 164454
163 101722
171 73724.2
181 65588
184 47142.2
190 36122.8
197 24154.8
203 6851.43
229 6266.8
234 4673.31
239 4109.02
242 2893.72
254 1719.83
275 1656.11
278 1096.83
286 977.836
292 818.925
300 663.956
309 550.198
320 431.521
323 371.1
332 357.841
338 329.873
348 275.181
351 117.403
389 98.5498
396 70.5301
431 44.1531
449 32.6466
456 31.7451
467 12.2328
498 5.90102
526 5.53289
543 3.28756
564 2.61854
577 2.2603
594 1.22671
635 1.06306
663 0.987488
678 0.729442
693 0.378046
698 0.285817
728 0.085764
814 0.048237
871 0.031138
883 0.024461
919 0.022523
944 0.020629
951 0.01767
970 0.017255
1002 0.017236
1009 0.012084
1015 0.011016
1042 0.010393
1055 0.010251
1090 0.006007
1097 0.00575
1104 0.005727
1133 0.005013
1155 0.002817
1177 0.002017
1222 0.001292
1261 0.001277
1317 0.001207
1333 0.00049
1435 0.000461
1453 0.000178
1461 0.000135
1525 8.3e-05
1552 3.6e-05
1571 2.8e-05
1619 1.8e-05
1658 9e-06
1728 5e-06
1748 3e-06
1790 2e-06
1853 1e-06
1964 0
