 DIM = 12
1 3.99104e+09
16 3.97691e+09
18 3.93347e+09
19 3.93058e+09
20 3.8686e+09
22 3.84824e+09
23 3.7562e+09
26 3.74976e+09
27 3.62689e+09
30 3.58293e+09
32 3.43621e+09
38 3.43251e+09
40 3.394e+09
43 3.3358e+09
45 3.32598e+09
48 3.31165e+09
51 3.2848e+09
53 3.27554e+09
56 3.27323e+09
60 3.24287e+09
63 3.23433e+09
66 3.09854e+09
67 2.98123e+09
90 2.9365e+09
92 2.86623e+09
98 2.86599e+09
105 2.81413e+09
108 2.73599e+09
110 2.65752e+09
117 2.61851e+09
119 2.56287e+09
122 2.53126e+09
124 2.42904e+09
132 2.40655e+09
133 2.40097e+09
135 2.26712e+09
137 2.15382e+09
145 2.05438e+09
147 1.91599e+09
155 1.84392e+09
157 1.79682e+09
159 1.7838e+09
163 1.62979e+09
165 1.49453e+09
175 1.47519e+09
186 1.21747e+09
188 1.08151e+09
222 9.52137e+08
244 9.39536e+08
254 8.79956e+08
262 8.21252e+08
267 7.43444e+08
270 7.07147e+08
278 6.78648e+08
297 6.64855e+08
303 5.97689e+08
309 5.51923e+08
323 4.43115e+08
326 4.2908e+08
357 3.57994e+08
376 3.13331e+08
424 2.31226e+08
442 2.12999e+08
464 2.11676e+08
490 1.78938e+08
518 1.47289e+08
538 1.25749e+08
559 1.02674e+08
635 6.64374e+07
640 6.38049e+07
693 5.48531e+07
703 4.63085e+07
738 3.71505e+07
754 2.97037e+07
781 2.61395e+07
848 2.49198e+07
877 2.18856e+07
901 2.10409e+07
907 1.92221e+07
926 1.58208e+07
957 1.5585e+07
970 9.92456e+06
1049 8.21608e+06
1140 7.83498e+06
1147 6.88567e+06
1177 5.86674e+06
1230 5.09292e+06
1301 3.50145e+06
1375 2.91921e+06
1418 2.91485e+06
1470 2.67871e+06
1543 1.68765e+06
1648 1.47702e+06
1800 1.42896e+06
1886 1.28923e+06
1941 1.02617e+06
2265 885293
2423 859771
2491 760040
2707 721483
2752 636992
2767 602298
2938 561748
3019 511128
3102 491519
3204 490931
3291 475917
3416 442492
3490 406914
3565 397758
3739 371339
3961 365191
4109 313537
4131 288099
4284 268734
4306 237885
4442 236703
4489 232008
4535 217169
4678 215894
4750 197315
4800 185635
4849 159422
5208 153927
5315 140498
5370 137926
5424 113523
5452 110213
5764 105352
5881 70188.8
7178 67241.2
7285 60265
8356 58961.8
8438 58255.2
8520 54865.8
8562 54078.3
8815 52840.5
9075 52121.7
9208 49661.6
9387 47063.1
9433 46625.3
9570 45901.6
9663 42978.7
9710 42938.2
9946 39619.5
10090 38260.7
10188 37000.4
10435 34288.1
10738 33834.8
10945 32487.1
11263 32304.4
11370 28860.9
11811 26466.3
12209 25037.1
13166 22699.4
13229 21775
13865 21325.6
14061 19386.2
14127 18467.7
14194 18085.5
14260 16813.4
14529 16630.3
14735 14915.9
14873 14227
15153 11914
15582 10701.8
16023 9964.69
16173 8824.8
16629 6796.86
17256 5923.45
17497 5857.83
18239 5241.08
18408 2988.23
20458 2213.67
20835 1965.71
22413 1783.76
22618 1464.83
23669 1060.81
24432 864.051
24654 669.61
26864 496.898
28100 472.916
28482 335.414
29391 235.715
30192 229.942
31293 132.857
33759 123.715
35768 103.46
36409 61.8904
38739 57.8004
39605 50.8372
41944 45.5517
42879 45.0435
43258 34.1836
43640 28.5227
46410 24.6243
47024 24.076
47856 11.3094
50437 9.22294
54087 8.26769
54798 5.81785
55278 5.2348
57486 4.25199
57988 4.0259
61090 3.73597
61889 3.57203
63245 2.95874
64072 2.55319
64350 2.32065
66328 1.787
70462 1.7467
71380 1.56881
71688 0.767109
83326 0.712607
84404 0.649428
85495 0.61319
86231 0.56766
87719 0.484975
88473 0.460055
91160 0.36609
93526 0.349711
98018 0.300866
101415 0.228216
103156 0.213022
106725 0.187268
109016 0.149823
117165 0.126304
123791 0.089074
127508 0.08153
134132 0.079257
136413 0.066072
138731 0.052348
143484 0.048368
157381 0.029322
158043 0.02325
175492 0.02107
176966 0.019579
181460 0.01395
192383 0.008961
207368 0.008813
209973 0.005521
218889 0.004444
238829 0.002628
270409 0.002499
273782 0.00201
276053 0.001925
282978 0.001784
285324 0.001456
311126 0.001158
314993 0.000819
336422 0.000818
346238 0.00076
350530 0.00065
359270 0.000533
378943 0.000515
385205 0.000464
391568 0.000395
394787 0.000365
399666 0.000358
418062 0.000304
423221 0.00027
451803 0.000237
468701 0.000179
521062 0.000164
527460 0.000128
529610 0.000124
544900 0.00011
567493 8.1e-05
598240 6.9e-05
633176 6.3e-05
643519 6e-05
659345 5.9e-05
664704 4.9e-05
681040 4.8e-05
703434 4.3e-05
732442 3.7e-05
765707 3.2e-05
781312 3.1e-05
797229 2.9e-05
826684 2.5e-05
871122 2.4e-05
892414 2.2e-05
914217 2e-05
940314 1.7e-05
944101 1.6e-05
978867 1.4e-05
994719 1.3e-05
1010822 1.2e-05
1064947 1.1e-05
1117426 1e-05
1144610 9e-06
1186607 8e-06
1280300 7e-06
