 DIM = 7
1 17605
9 17573.5
10 17447.5
13 17419.5
14 17263.7
16 17260.4
18 17056.6
20 17020.9
21 16728.9
24 16603.3
26 16181.2
29 16088.6
30 15569.7
33 15559.3
34 14890.1
36 14735
38 13738
42 13340.5
43 11920.2
47 11586.9
48 9810.32
52 9036.05
53 6580.27
58 5790.25
59 2664.28
63 1283.75
66 1114.8
69 880.879
92 811.59
95 724.9
98 579.801
102 498.48
105 485.914
108 427.195
112 410.358
115 395.003
119 365.776
122 325.346
126 263.499
130 222.442
133 220.59
137 191.214
141 186.252
145 176.664
149 166.863
153 145.528
157 122.283
161 98.8079
169 85.15
177 78.5498
186 64.6208
190 60.6388
194 48.701
199 47.5581
203 42.2991
208 41.5581
213 38.7839
222 29.9974
232 27.155
237 24.2658
247 21.5843
252 18.9781
267 16.3198
289 15.5488
300 14.9518
312 14.5506
335 14.4209
354 14.3644
373 14.3091
393 14.2616
406 14.2332
427 14.2299
442 14.2245
456 14.2186
471 14.2149
486 14.2108
502 14.2095
518 14.2063
551 14.2049
568 14.2032
585 14.2026
621 14.2018
649 14.2015
688 14.201
718 14.2009
738 14.2005
770 14.2004
803 14.2003
825 14.2002
883 14.2002
907 14.2001
957 14.2001
995 14.2001
1022 14.2
1076 14.2
1118 14.2
1162 14.2
1222 14.2
1253 14.2
1301 14.2
1333 14.2
1401 14.2
1453 14.2
1525 14.2
1717 14.2
1748 14.2
