 DIM = 10
1 0.35386
28 0.353324
30 0.30246
42 0.281854
55 0.26751
63 0.23193
92 0.229563
94 0.207353
110 0.200611
130 0.191885
139 0.190518
159 0.177007
208 0.17518
210 0.172288
213 0.169264
242 0.169089
262 0.169008
275 0.168921
281 0.168331
284 0.16608
286 0.166032
297 0.16515
309 0.164048
320 0.162618
341 0.16006
345 0.158923
348 0.15837
380 0.156802
383 0.15548
396 0.153944
413 0.152383
449 0.151427
471 0.150634
526 0.150534
547 0.150412
555 0.150231
572 0.149559
644 0.149321
688 0.149142
703 0.148557
842 0.148509
871 0.14824
995 0.148211
1062 0.148181
1140 0.148178
1169 0.148124
1277 0.148114
1317 0.148113
1325 0.148074
1383 0.148072
1401 0.148022
1506 0.147974
1832 0.147968
1897 0.147951
2140 0.14795
2189 0.14794
2252 0.147938
2290 0.147933
2369 0.147927
2575 0.147922
2604 0.147917
2648 0.147916
2721 0.147912
2736 0.147907
3308 0.1479
3326 0.147894
3490 0.147892
3508 0.147888
3622 0.147887
3641 0.147885
3661 0.147877
3680 0.147868
3778 0.147866
3798 0.147853
3920 0.147852
3941 0.147842
3982 0.14784
4003 0.147822
4088 0.147819
4109 0.147802
4174 0.147799
4218 0.147788
4262 0.147784
4351 0.147782
4419 0.147781
4924 0.147777
5026 0.147775
5370 0.147772
5706 0.147769
6340 0.147768
6500 0.147767
6532 0.147765
6865 0.147764
6899 0.147763
7002 0.147762
7285 0.147761
7357 0.147759
7393 0.147758
7690 0.147757
7727 0.147756
7804 0.147755
7842 0.147753
8155 0.14775
8195 0.147747
8356 0.147746
8397 0.147742
8604 0.14774
8688 0.147738
8988 0.147736
9570 0.147735
9804 0.147734
9851 0.147733
9898 0.147732
9946 0.147731
10237 0.147729
10893 0.147728
11209 0.147727
11534 0.147726
12921 0.147725
