 DIM = 10
1 190072
18 189672
19 186907
22 186476
23 182593
28 182492
29 178054
33 177054
34 170544
40 168612
42 160645
47 158765
48 156740
49 154334
58 146778
78 146727
79 146255
95 144387
115 143742
132 142998
135 142363
137 141742
139 141583
141 139662
153 139223
159 138604
163 135693
181 134111
197 131772
199 130668
217 130051
220 128412
225 127239
227 123255
237 122230
239 120140
247 119092
270 113937
275 113646
278 111375
284 109274
286 106160
380 104414
417 104305
424 103277
431 103155
460 101269
564 100808
577 100744
590 100358
608 100349
617 100202
640 99493.4
644 98634.6
663 98595.7
738 98521.6
744 98145.5
825 98142.6
842 98120
848 98038.2
865 97771
877 97273.4
883 96783.2
963 96652.6
970 96263
995 96080.5
1002 95441.5
1049 95028.4
1090 94421.5
1118 94288.5
1133 93951.7
1140 93584.7
1169 93412.6
1177 93173
1214 92994.9
1230 92115
1245 92064.5
1261 91187
1269 90434.6
1317 90303.7
1325 89419.1
1333 88971.7
1342 88509.6
1367 87640.2
1375 85704.5
1418 84882.8
1426 82611.8
1479 81658.3
1562 80737.7
1687 80683.4
1758 80535.7
1779 79765.3
1811 78799.3
2239 78595.4
2692 78511.7
2782 78431.2
2828 78300.6
2843 78249.7
3068 78153
3186 78127.6
3308 78114.2
3362 78027.3
3546 78011.1
3584 77972.9
3603 77883.7
4003 77863.5
4024 77773.2
4218 77754.2
4351 77710.3
4465 77610.1
4489 77603.7
4750 77575.4
4775 77542.1
4874 77455.1
4899 77427.7
5130 77356.8
5397 77338
5706 77311.3
5793 77300.1
5970 77279.2
6061 77266.5
6246 77247.9
6598 77234.2
6968 77203.7
7249 77196.9
8036 77194.9
8155 77194
8316 77190.1
8520 77185.1
8688 77181.5
8815 77180.2
9163 77179.6
9524 77174
9946 77171.1
10237 77169.2
10335 77167.7
10841 77166.9
10998 77162.1
11316 77160.2
11370 77155.4
11811 77148.3
11867 77144.4
12094 77139.3
12151 77132.8
12501 77131.7
12560 77128.6
12620 77127
12679 77119.4
12860 77111.9
12921 77096.5
13166 77090.9
13229 77077.5
13291 77076.5
13354 77049.5
13607 77046.5
13671 77018.8
13865 77011.2
13930 76966.5
14194 76956.5
14260 76905.1
14529 76895.9
14598 76824.8
14804 76816.6
14873 76740.2
15153 76697.6
15224 76565
15582 76543.5
15655 76408.9
15875 76386.5
15949 76198.5
16248 76153.4
16324 75911.4
16552 75892.2
16629 75555.4
17019 75506.4
17098 75143.1
17256 75143
17336 74614
17660 74582.2
17741 73966.7
17989 73941.2
18072 73123.5
18408 73002.8
18493 72027.9
18750 71878.5
18836 70649
19186 70605.8
19274 69226.2
19541 68836.4
19631 66729
19995 66687.1
20179 66631.6
21512 66622.3
21808 66508.8
23349 66389.1
23885 66348.2
24543 66345
24654 66243.1
27974 66226.8
31574 66219.4
32000 66208.7
34827 66208.1
34982 66196.2
38228 66190.2
38398 66186
38739 66183.4
38911 66178.4
39431 66164.2
39605 66143.3
41030 66127.8
41211 66096.5
42690 66089.2
42879 66065.2
43068 66055.5
43258 66006.6
44415 65985
44611 65918.3
45602 65912.2
45802 65854
46410 65830.7
46614 65806.5
46819 65779.7
47231 65764.5
47647 65755.9
54560 65754
55038 65752
56988 65750
59261 65749.8
60562 65749.7
62428 65749.4
63795 65744
69257 65742.8
72621 65742.6
80170 65741.7
86600 65741.6
89615 65741.6
90384 65741.4
95543 65741.2
95951 65741.1
96773 65740.9
102282 65740.5
102718 65740.2
108554 65740
109016 65739.6
110882 65739.5
111354 65739.3
112302 65739
112780 65738.5
114709 65738.3
115196 65737.3
117165 65737.2
117662 65736.5
118663 65736.1
119166 65734.9
121201 65734.4
121714 65732.4
123791 65732.4
124315 65730.1
126435 65729.7
126970 65726.6
129133 65725.3
129680 65721
131887 65720.8
132445 65715.7
134698 65714.8
135268 65708.5
137567 65706.2
138148 65697.6
140495 65697.3
141088 65687.8
142281 65687.6
142881 65673.5
145306 65670.4
145919 65651.4
148394 65648.5
149019 65623.9
151545 65620.5
152183 65589.5
154761 65583.8
155412 65544.7
158043 65536.9
158707 65487.6
161392 65478.9
162070 65418.8
164810 65404
165502 65328.3
168299 65312
169005 65219
171141 65216.5
171859 65147.9
174030 65143.4
174759 65123.8
177707 65120
178452 65094.1
182220 65086.9
182983 65056
185290 65053.6
186066 65012.2
189199 65004.8
189990 64952
192383 64946.5
196436 64931.3
236856 64930.7
238829 64928.7
246880 64927.7
280651 64927.2
288878 64926.4
290072 64924.2
306042 64923.9
307305 64922
311126 64921.4
313699 64920.2
314993 64916.7
321542 64916.6
322868 64912.6
328224 64911.9
329577 64906.9
335042 64905.5
336422 64898.8
341997 64898
343405 64889.9
349093 64888
350530 64877.8
356333 64875.7
357798 64863.1
363719 64860.6
365214 64845.3
369736 64844.1
372780 64841.6
374311 64841.5
375849 64839.7
394787 64839.3
402951 64838.3
404603 64836.9
416356 64835.1
418062 64830.9
431957 64830.9
433726 64826.4
439073 64825.6
440870 64819.5
453651 64818.7
455506 64811.4
461116 64810.5
463001 64800.3
488201 64798.9
