 DIM = 12
1 1.13405e+07
20 1.13388e+07
21 1.1312e+07
26 1.13086e+07
27 1.1273e+07
33 1.12695e+07
34 1.12283e+07
39 1.12239e+07
40 1.11711e+07
47 1.11661e+07
48 1.11062e+07
52 1.11006e+07
53 1.1014e+07
62 1.0996e+07
63 1.08973e+07
67 1.08957e+07
69 1.07573e+07
78 1.07271e+07
79 1.05642e+07
86 1.05513e+07
87 1.03435e+07
95 1.03233e+07
97 1.00755e+07
102 1.00678e+07
103 9.72095e+06
114 9.6523e+06
115 9.63772e+06
117 9.53421e+06
181 9.53366e+06
192 9.53344e+06
197 9.52932e+06
199 9.49982e+06
208 9.45308e+06
232 9.4517e+06
234 9.4364e+06
244 9.41008e+06
295 9.35571e+06
297 9.32401e+06
320 9.30729e+06
323 9.26296e+06
341 9.26081e+06
357 9.22133e+06
360 9.16647e+06
376 9.16264e+06
380 9.08588e+06
396 9.0778e+06
400 8.97807e+06
417 8.97778e+06
420 8.87535e+06
434 8.81922e+06
438 8.64679e+06
460 8.63712e+06
464 8.52962e+06
475 8.51627e+06
479 8.44159e+06
483 8.38016e+06
490 8.3565e+06
564 8.35335e+06
568 8.33538e+06
621 8.30065e+06
626 8.28916e+06
644 8.22226e+06
668 8.20351e+06
673 8.20254e+06
723 8.20094e+06
738 8.1209e+06
913 8.11991e+06
926 8.06841e+06
932 8.06725e+06
976 8.06403e+06
1042 8.06115e+06
1049 8.04889e+06
1055 8.0433e+06
1062 8.03516e+06
1097 8.0298e+06
1104 8.0148e+06
1118 7.97982e+06
1126 7.93009e+06
1155 7.92963e+06
1162 7.87445e+06
1177 7.87392e+06
1192 7.85623e+06
1199 7.8343e+06
1230 7.81044e+06
1238 7.76981e+06
1285 7.7638e+06
1435 7.7555e+06
1534 7.7489e+06
1581 7.73191e+06
1600 7.72934e+06
1609 7.71789e+06
1687 7.71769e+06
1697 7.70796e+06
1748 7.70013e+06
1758 7.67549e+06
1897 7.67321e+06
1908 7.66543e+06
1919 7.66251e+06
1953 7.65878e+06
1964 7.6265e+06
1998 7.62595e+06
2152 7.61872e+06
2463 7.6168e+06
2491 7.61343e+06
2575 7.60437e+06
2736 7.60145e+06
2797 7.59893e+06
2813 7.59432e+06
2922 7.59245e+06
2938 7.58982e+06
3002 7.58318e+06
3019 7.57047e+06
3169 7.56534e+06
3186 7.54897e+06
3291 7.5443e+06
3308 7.52537e+06
3398 7.52373e+06
3434 7.51381e+06
3453 7.48613e+06
3584 7.47565e+06
3603 7.44382e+06
3719 7.42344e+06
3859 7.4204e+06
3879 7.41109e+06
3900 7.39592e+06
3920 7.36808e+06
4218 7.36657e+06
4397 7.36005e+06
4419 7.35863e+06
4442 7.34273e+06
4465 7.31675e+06
4726 7.30023e+06
4750 7.27528e+06
4824 7.26765e+06
4849 7.2367e+06
4975 7.23105e+06
5000 7.19327e+06
5103 7.1578e+06
5130 7.0893e+06
5343 7.07265e+06
5452 7.01972e+06
5535 7.01809e+06
5592 6.98868e+06
6091 6.98473e+06
6532 6.97297e+06
6831 6.97079e+06
7178 6.96833e+06
7540 6.96066e+06
7690 6.958e+06
7842 6.95741e+06
8076 6.95708e+06
8275 6.95279e+06
8562 6.95232e+06
9031 6.95086e+06
10687 6.95031e+06
11811 6.94974e+06
12267 6.94915e+06
12739 6.94857e+06
13800 6.94815e+06
13865 6.94783e+06
14804 6.94739e+06
17256 6.94707e+06
17336 6.94695e+06
19098 6.94683e+06
19186 6.9466e+06
19812 6.94654e+06
20086 6.94636e+06
20179 6.94618e+06
20364 6.94608e+06
20458 6.94591e+06
20740 6.94588e+06
20835 6.94579e+06
21219 6.94554e+06
21414 6.94536e+06
21512 6.945e+06
22618 6.9448e+06
22824 6.94417e+06
22928 6.94407e+06
23138 6.94371e+06
23243 6.94315e+06
23455 6.9431e+06
23562 6.94224e+06
24543 6.94171e+06
24654 6.94082e+06
25218 6.93976e+06
25333 6.93786e+06
26146 6.9375e+06
26265 6.93558e+06
26743 6.9352e+06
26864 6.93251e+06
27475 6.93245e+06
27599 6.92946e+06
28227 6.92837e+06
28354 6.92436e+06
28998 6.92346e+06
29259 6.92249e+06
29523 6.92148e+06
29923 6.92027e+06
30192 6.91925e+06
30464 6.91805e+06
32431 6.91698e+06
36087 6.91674e+06
36248 6.9158e+06
38228 6.9153e+06
38398 6.91419e+06
40849 6.913e+06
41030 6.91095e+06
42316 6.91082e+06
42503 6.91009e+06
46410 6.90985e+06
46614 6.90971e+06
46819 6.90946e+06
47856 6.90943e+06
49131 6.90902e+06
49780 6.90874e+06
51552 6.90868e+06
53151 6.90857e+06
55519 6.90823e+06
56494 6.90816e+06
60562 6.90769e+06
60825 6.90767e+06
65474 6.90743e+06
66904 6.90733e+06
75815 6.90728e+06
76800 6.90719e+06
82969 6.90718e+06
84404 6.90715e+06
86231 6.90711e+06
91160 6.90706e+06
94328 6.90706e+06
94731 6.90699e+06
99703 6.90698e+06
104037 6.90697e+06
105822 6.90695e+06
110882 6.90694e+06
111354 6.90693e+06
111827 6.90692e+06
112302 6.90691e+06
114224 6.90691e+06
119672 6.90691e+06
122230 6.90687e+06
126970 6.90686e+06
136989 6.90684e+06
156066 6.90683e+06
159374 6.90683e+06
162751 6.90683e+06
165502 6.90683e+06
174759 6.90682e+06
176227 6.90682e+06
188411 6.90682e+06
198081 6.90682e+06
209973 6.90681e+06
215280 6.90681e+06
221635 6.90681e+06
242822 6.90681e+06
253092 6.90681e+06
265974 6.90681e+06
279495 6.90681e+06
284148 6.90681e+06
303531 6.90681e+06
306042 6.90681e+06
309847 6.90681e+06
321542 6.90681e+06
332298 6.90681e+06
362230 6.90681e+06
419774 6.90681e+06
433726 6.90681e+06
449963 6.90681e+06
464893 6.90681e+06
494204 6.90681e+06
504370 6.90681e+06
508493 6.90681e+06
538295 6.90681e+06
556084 6.90681e+06
591003 6.90681e+06
610495 6.90681e+06
638327 6.90681e+06
646130 6.90681e+06
654027 6.90681e+06
678290 6.90681e+06
703434 6.90681e+06
765707 6.90681e+06
784470 6.90681e+06
800450 6.90681e+06
853760 6.90681e+06
940314 6.90681e+06
959400 6.90681e+06
990732 6.90681e+06
1002739 6.90681e+06
1039622 6.90681e+06
1047997 6.90681e+06
1056438 6.90681e+06
1064947 6.90681e+06
1086512 6.90681e+06
1135478 6.90681e+06
1239997 6.90681e+06
1275192 6.90681e+06
1443227 6.90681e+06
1454785 6.90681e+06
1460598 6.90681e+06
1466435 6.90681e+06
1600790 6.90681e+06
1613588 6.90681e+06
1646024 6.90681e+06
1672434 6.90681e+06
1679101 6.90681e+06
