 DIM = 4
1 1.61525e+06
2 1.46113e+06
5 1.12542e+06
6 781674
9 614568
10 345269
11 313008
12 114789
14 64808.5
15 24846.1
16 20917.6
28 20511.3
29 18760.8
30 18707.3
33 17449.7
34 15255.2
36 13334.7
38 10592.8
40 8555.21
42 5930.01
45 4788.64
47 2849.81
51 2693.53
53 2392.33
73 2362.64
84 2362.38
86 2331.5
105 2323.05
107 2312.58
112 2309.3
115 2304.12
119 2296.72
121 2286.23
124 2276.51
126 2270.7
128 2252.4
130 2234.99
132 2226.08
133 2189.71
137 2169.74
139 2140.1
141 2125.2
143 2094.05
145 2055.01
147 1981.49
149 1942.34
151 1818.02
157 1665.02
159 1479.34
165 1299.2
167 1066.06
169 1052.28
171 851.72
173 826.881
175 558.719
179 272.196
181 139.218
186 54.641
197 4.63905
229 2.86386
237 1.5538
244 0.767576
260 0.390767
265 0.26961
275 0.201252
284 0.079577
289 0.069556
306 0.062892
312 0.030766
335 0.025822
341 0.022436
345 0.014381
348 0.010449
370 0.009655
373 0.007951
383 0.00234
386 0.002278
393 0.001235
424 0.000739
431 0.000654
442 0.000485
449 0.000275
460 0.000148
467 0.000114
475 8.2e-05
486 2.9e-05
518 2.2e-05
526 1e-05
534 7e-06
543 5e-06
559 4e-06
568 3e-06
577 1e-06
