 DIM = 5
1 2.53906e+09
10 2.4541e+09
11 2.36827e+09
12 2.27395e+09
13 2.0964e+09
15 2.03058e+09
16 1.85973e+09
18 1.84299e+09
19 1.68413e+09
20 1.6828e+09
22 1.32666e+09
23 9.81823e+08
29 8.68161e+08
32 6.27341e+08
33 4.78138e+08
36 2.6341e+08
38 2.04287e+08
43 7.53577e+07
59 6.91291e+07
63 3.70823e+07
73 2.12789e+07
79 1.9736e+07
86 8.48568e+06
87 6.21765e+06
100 6.20189e+06
103 2.59569e+06
110 2.00349e+06
117 1.64819e+06
121 1.47306e+06
124 869062
132 732635
139 465850
143 394191
147 262920
153 164430
163 101790
171 73679.1
181 65602.9
184 47106.1
190 36152.1
197 24148.5
203 6858.28
229 6269.34
234 4677.81
239 4106.58
242 2896.4
254 1721.44
270 1718.85
275 1656.2
278 1097.7
286 978.215
292 818.33
297 686.478
312 496.369
329 485.097
338 302.298
341 256.171
348 229.111
360 206.654
370 179.199
373 177.802
383 138.49
386 103.178
400 64.4851
431 58.5705
438 50.4178
452 13.4726
502 7.25405
510 4.81878
538 3.32677
547 2.34007
555 2.24161
564 1.96906
572 1.15659
594 0.78803
608 0.746593
612 0.730764
626 0.596131
640 0.218596
659 0.205448
683 0.171578
703 0.081027
718 0.041904
744 0.038928
754 0.035052
765 0.03128
775 0.023079
786 0.020338
797 0.014919
820 0.013407
831 0.012593
842 0.009305
854 0.009214
883 0.007977
901 0.007394
913 0.007095
919 0.005337
957 0.005296
976 0.004821
989 0.004708
995 0.003355
1104 0.00319
1111 0.003186
1118 0.00296
1140 0.002725
1162 0.002684
1177 0.002455
1192 0.002094
1199 0.00195
1222 0.001713
1253 0.001096
1309 0.000932
1333 0.000769
1350 0.000669
1383 0.000408
1435 0.000373
1453 0.000134
1552 8.8e-05
1638 4.7e-05
1697 1e-05
1864 6e-06
1886 4e-06
1998 3e-06
2033 2e-06
2045 1e-06
