 DIM = 8
1 26.75
9 26.528
14 26.4998
15 26.321
18 26.2857
19 26.0055
23 25.9589
24 25.6124
27 25.5801
28 25.0689
33 24.8751
34 24.1378
36 24.0861
38 22.9141
43 22.6532
44 21.0454
47 20.7575
48 19.5778
51 19.1913
52 18.0534
53 17.7684
76 17.7523
92 17.7089
94 17.507
95 17.4712
97 17.4264
105 17.14
107 16.7761
110 16.623
117 16.3292
119 15.9827
128 15.5199
130 15.0596
165 14.8542
167 14.5163
169 14.4907
175 13.936
177 13.7323
199 13.3547
220 13.2749
225 12.9682
237 12.7229
265 12.6127
267 12.3816
297 12.1557
348 11.9424
351 11.8498
396 11.673
413 11.6632
424 11.5435
449 11.5255
464 11.5158
475 11.4146
486 11.3681
626 11.3368
654 11.3349
668 11.3327
683 11.3266
688 11.321
703 11.3192
733 11.3188
738 11.3049
792 11.304
803 11.3029
854 11.2975
865 11.2962
889 11.2913
913 11.2859
957 11.2802
976 11.2779
1055 11.2776
1069 11.2769
1097 11.2755
1177 11.275
1301 11.2749
1325 11.2745
1342 11.2728
1543 11.2724
1590 11.2723
1648 11.272
1697 11.272
1843 11.272
1864 11.2719
1886 11.2719
1941 11.2717
2045 11.2717
2104 11.2716
2252 11.2716
2265 11.2715
2369 11.2714
2382 11.2713
2519 11.2712
2533 11.2711
2590 11.271
2604 11.2709
2662 11.2709
2677 11.2708
2692 11.2706
2707 11.2706
2752 11.2705
2767 11.2705
2782 11.2704
2797 11.2703
2828 11.2701
2843 11.2697
2938 11.2695
2954 11.2691
3002 11.269
3019 11.2688
3052 11.2687
3068 11.2682
3085 11.2682
3102 11.2673
3152 11.2671
3169 11.2661
3204 11.2659
3221 11.2643
3273 11.264
3291 11.2622
3344 11.2612
3362 11.2585
3398 11.2582
3416 11.2541
3471 11.2535
3490 11.2476
3546 11.2462
3565 11.2375
3622 11.2374
3641 11.2264
3680 11.2256
3699 11.2085
3759 11.2034
3778 11.176
3839 11.1688
3879 11.162
4849 11.1615
5315 11.1605
5424 11.1605
5480 11.16
5940 11.1598
6153 11.1596
6664 11.1595
6697 11.1594
6730 11.1591
7142 11.1591
7178 11.1589
7213 11.1589
7249 11.1585
7393 11.1584
7430 11.158
7540 11.1576
7577 11.1569
7765 11.1568
7804 11.1558
7958 11.1556
7997 11.1544
8076 11.1543
8115 11.1527
8275 11.1524
8316 11.1515
8356 11.1509
8397 11.1492
8562 11.1483
8604 11.146
8773 11.1449
10636 11.1449
12209 11.1449
12739 11.1448
13800 11.1448
14462 11.1448
14804 11.1448
15012 11.1448
15366 11.1448
15438 11.1448
17256 11.1448
18239 11.1448
18323 11.1447
19010 11.1447
19098 11.1447
19274 11.1447
19363 11.1447
19721 11.1447
19812 11.1447
20179 11.1447
20271 11.1446
20458 11.1446
20551 11.1446
20835 11.1446
20931 11.1445
21123 11.1445
21219 11.1444
21512 11.1444
21610 11.1443
21908 11.1443
22008 11.1441
22413 11.144
22515 11.1439
22824 11.1438
22928 11.1435
23243 11.1435
23349 11.1432
23562 11.1431
23669 11.1427
23993 11.1426
24102 11.142
24432 11.1419
24543 11.141
24879 11.1409
24991 11.14
25333 11.1399
25447 11.1395
25795 11.1394
25911 11.1388
26146 11.1388
26265 11.138
26623 11.1378
26743 11.1367
27107 11.1365
27229 11.1359
27599 11.1359
27724 11.1351
27974 11.135
28227 11.1348
33609 11.1348
34982 11.1348
39083 11.1348
55761 11.1348
59005 11.1348
63245 11.1348
64350 11.1348
64629 11.1347
68365 11.1347
68661 11.1347
73249 11.1347
76470 11.1347
76800 11.1346
81909 11.1346
82261 11.1346
86972 11.1346
87345 11.1345
92336 11.1345
92731 11.1344
98437 11.1344
100555 11.1344
116176 11.1344
130779 11.1344
141088 11.1344
