 DIM = 9
1 8.15888e+06
15 8.15799e+06
16 8.06597e+06
20 8.02839e+06
21 7.88838e+06
26 7.86689e+06
27 7.70423e+06
30 7.68215e+06
32 7.47508e+06
36 7.40499e+06
38 7.14647e+06
42 7.12427e+06
43 6.81437e+06
47 6.79309e+06
48 6.42254e+06
52 6.28064e+06
53 5.74447e+06
59 5.7032e+06
60 5.14621e+06
65 5.05125e+06
66 4.37778e+06
72 4.15495e+06
73 3.42079e+06
78 3.37891e+06
79 2.62011e+06
84 2.59987e+06
86 1.87264e+06
90 1.66149e+06
92 959895
98 872065
100 420770
105 397421
107 253910
171 241163
173 230446
201 229819
203 229433
208 225026
213 213559
215 199563
232 193301
234 180938
239 176572
242 157248
254 152921
257 139861
262 130422
265 108250
278 103457
281 94184.4
286 86769.4
289 76414.4
297 70951.3
300 61340.9
326 59645.5
449 58482.3
452 58161.8
494 57429.8
498 56357.3
534 56003.5
538 55271.7
551 55009.9
555 54577.9
559 54141.3
564 53282.1
581 51922.8
585 50038.8
612 49987
617 48436.1
621 48278.8
626 45425.3
644 44568.8
649 40815.7
673 39780.7
678 37420.6
683 37292.1
688 33216.9
703 31504.6
708 26005.8
728 25580.2
733 22895.2
738 20740.3
744 14962.2
765 14137.1
770 11410.5
775 10517.8
781 6618.29
803 4552.12
808 2575.12
913 2139.34
938 1981.69
970 1893.68
1076 1679.8
1083 1619.38
1162 1583.54
1169 1571.62
1177 1560.16
1245 1503.18
1552 1502.81
1600 1501.16
1609 1500.87
1638 1499.46
1677 1498.8
1717 1498.79
1738 1496.9
1758 1495.88
1832 1494.6
1908 1491.36
1919 1489.84
1998 1489.63
2010 1489.59
2068 1486.47
2080 1485.32
2092 1484.02
2104 1481.88
2116 1480.82
2128 1476.73
2227 1476.53
2252 1474.22
2265 1472.29
2290 1467.55
2303 1459.53
2343 1459.12
2356 1449.56
2409 1442.31
2423 1425.09
2491 1417.17
2505 1403.22
2533 1398.89
2575 1386.28
2590 1370.62
2662 1368.29
2677 1364.34
2736 1359.22
2782 1336.96
3035 1320.14
3052 1301.99
3169 1299.9
3186 1284.02
3291 1280.68
3308 1276.81
3326 1258.26
3344 1232.84
3434 1219.53
3453 1188.5
3490 1174.67
3508 1123.07
3603 1108.43
3622 1093.06
3641 1072.6
3661 1035.25
3699 1022.68
3719 979.321
3739 974.774
3759 929.103
3778 891.142
3798 771.09
3900 687.741
3920 618.237
3961 611.911
3982 554.266
4024 481.545
4045 475.728
4066 387.03
4088 299.905
4131 287.965
4152 265.306
4196 208.964
4654 205.806
4849 203.685
5000 200.205
5052 199.374
5103 198.531
5235 197.213
5289 196.862
5397 195.856
5508 195.237
5677 195.236
5735 194.602
5881 194.571
6030 193.962
6122 193.654
6183 193.61
6598 193.531
6664 193.53
6764 193.427
6865 193.385
7107 193.133
7577 193.131
7727 193.125
7997 193.063
8076 193.024
8195 192.994
8397 192.918
8438 192.839
8646 192.768
8688 192.654
8815 192.638
8858 192.486
9075 192.365
9119 192.188
9208 192.15
9252 191.905
9387 191.901
9433 191.592
9617 191.394
9663 190.956
9851 190.878
9898 190.411
10042 190.404
10090 190.059
10139 189.89
10188 189.107
10335 188.917
10385 187.827
10585 187.803
10636 186.854
10738 186.58
10790 185.112
10998 184.884
11050 183.765
11103 183.663
11156 181.688
11316 180.645
11370 177.461
11699 175.793
11755 172.345
11980 171.199
12037 167.005
12267 165.333
12325 160.277
12501 159.601
12560 153.134
12800 149.863
12860 141.026
13105 138.418
13166 128.101
13417 123.525
13480 110.327
13735 106.874
13800 92.0434
14061 89.9243
14127 78.1282
14327 73.0422
14394 59.2545
14598 58.8789
14666 48.7392
14942 48.5955
15153 39.623
15801 39.4427
15875 37.2753
16098 33.7895
16173 29.596
16324 29.169
16399 25.4451
16629 24.2084
16862 22.4074
17019 20.073
17336 17.9101
17497 17.0038
17741 15.8692
17989 14.1328
18664 12.4971
19452 11.801
19631 11.554
20740 10.3244
21908 10.0009
22109 9.0277
22209 8.02361
23349 7.98489
23669 6.98163
23776 6.53209
23993 6.26645
24102 5.79479
24654 5.04064
24766 4.93543
24879 4.06004
24991 3.11289
26029 2.87759
26623 2.80279
27475 2.72963
27849 2.44162
28100 2.17957
28610 1.87817
28739 1.85853
31014 1.85698
31293 1.77601
31433 1.66282
33310 1.66186
33759 1.62251
34982 1.56585
35452 1.49066
37061 1.46516
40849 1.45547
41211 1.44687
42130 1.41865
42316 1.41231
43449 1.40084
44611 1.39966
45602 1.37409
45802 1.36462
47231 1.36267
47439 1.34367
49346 1.31323
49562 1.2945
50658 1.2819
50880 1.25885
53384 1.25804
54087 1.24534
54560 1.22556
55519 1.21941
57486 1.20429
57736 1.19488
60562 1.18081
64072 1.17889
65474 1.17283
66904 1.17066
67485 1.16807
69556 1.16108
69857 1.15885
73249 1.15861
73883 1.15779
75490 1.15453
76470 1.14962
78805 1.1485
79485 1.14586
80861 1.14512
81558 1.14434
84043 1.14394
84766 1.14112
86972 1.13995
87719 1.1375
88095 1.1365
88852 1.13621
90384 1.1334
90772 1.13198
96361 1.12971
96773 1.12895
97601 1.12781
98018 1.12665
98437 1.12651
100555 1.12352
100984 1.1203
104481 1.11848
104926 1.11804
106725 1.11703
107635 1.11674
110413 1.11551
111827 1.11116
112302 1.10948
116670 1.10795
117165 1.1068
117662 1.1062
118161 1.10544
120179 1.10233
121201 1.10145
125902 1.10035
130779 1.09979
133567 1.09863
135268 1.09682
135839 1.09575
142881 1.09418
143484 1.09269
150277 1.09135
150910 1.0899
157381 1.08923
158043 1.0881
162070 1.0871
162751 1.08617
164121 1.08537
164810 1.08394
168299 1.08193
169005 1.08016
176966 1.0786
177707 1.07756
182983 1.07743
184518 1.07478
185290 1.07458
187626 1.0731
188411 1.07278
190784 1.07171
196436 1.07138
198908 1.07083
209973 1.07078
213496 1.07068
217077 1.07059
222558 1.07038
223485 1.06952
224415 1.06945
231993 1.0689
232958 1.06841
238829 1.06841
239821 1.06825
244843 1.06818
249967 1.06756
251004 1.06715
259455 1.06676
260531 1.06624
264877 1.06589
265974 1.06532
269293 1.06498
270409 1.06456
