 DIM = 11
1 0.026729
8 0.025519
11 0.024378
15 0.019801
26 0.018743
28 0.018058
45 0.0169
55 0.01675
60 0.016479
62 0.015332
76 0.015329
79 0.015265
81 0.014951
87 0.014639
89 0.012959
92 0.012572
114 0.012111
128 0.011167
132 0.010937
151 0.010555
153 0.010436
169 0.010192
173 0.010076
181 0.009674
217 0.009589
229 0.009428
244 0.009372
265 0.009369
270 0.009353
273 0.009115
289 0.008852
292 0.008717
348 0.008589
363 0.008351
367 0.00818
427 0.008144
442 0.007945
445 0.007903
483 0.007874
506 0.007853
514 0.007806
555 0.007776
590 0.007773
603 0.007706
644 0.007661
688 0.007624
713 0.007623
728 0.007589
738 0.007585
792 0.007552
865 0.007509
871 0.007492
932 0.007438
938 0.007399
1009 0.007348
1015 0.007312
1069 0.007276
1076 0.00725
1111 0.007201
1118 0.007172
1155 0.007168
1177 0.007126
1184 0.007112
1192 0.007096
1199 0.007085
1238 0.007072
1253 0.006958
1261 0.006899
1325 0.006844
1367 0.00682
1383 0.006806
1426 0.006799
1444 0.006779
1470 0.006679
1552 0.00667
1571 0.006632
1667 0.006559
1821 0.006533
1832 0.006495
1987 0.006484
2010 0.006471
2021 0.00646
2080 0.00642
2092 0.006392
2214 0.006353
2227 0.006314
2303 0.006293
2316 0.006263
2343 0.00624
2356 0.006193
2436 0.006184
2463 0.00612
2477 0.006099
2505 0.00596
2519 0.005781
2604 0.005778
2619 0.005659
2692 0.005609
2721 0.005536
2782 0.005347
2797 0.005146
2922 0.005074
2970 0.004989
3068 0.004827
3256 0.00476
3273 0.004756
3308 0.004741
3398 0.004664
3434 0.00465
3471 0.004555
3508 0.004451
3527 0.00443
3778 0.0044
4174 0.004389
4351 0.004355
4630 0.004332
4924 0.004324
5182 0.00432
5592 0.004316
5649 0.00431
5764 0.004308
6030 0.004306
6091 0.004304
6153 0.004301
6565 0.004295
6764 0.004294
6865 0.004292
7142 0.004291
7285 0.004288
7652 0.004287
7727 0.004285
7997 0.004283
8036 0.004281
8316 0.00428
8438 0.004279
8520 0.004275
8562 0.004272
8988 0.004271
9075 0.004268
9119 0.004266
9297 0.004265
9617 0.004263
9710 0.004261
9756 0.004258
9804 0.004256
9851 0.00425
10286 0.004246
10335 0.004242
10535 0.004241
10585 0.004239
10636 0.004234
10687 0.004226
10945 0.004225
10998 0.004224
11050 0.004222
11209 0.004217
11425 0.004208
11479 0.004201
11923 0.004196
12267 0.00419
12442 0.004188
13607 0.004187
13865 0.004186
14735 0.004185
15082 0.004182
16476 0.004181
18493 0.00418
