 DIM = 7
1 0.033771
6 0.031756
9 0.031602
12 0.02906
16 0.028384
20 0.028097
30 0.024146
32 0.024075
39 0.023376
40 0.023099
44 0.020903
45 0.019431
51 0.018652
58 0.016827
62 0.014643
67 0.011972
86 0.010699
92 0.010544
102 0.010411
105 0.010381
108 0.009577
114 0.008797
117 0.008526
126 0.007744
147 0.007723
161 0.007603
175 0.007396
192 0.00728
194 0.007263
213 0.00726
227 0.007185
239 0.007184
244 0.007159
257 0.007101
275 0.007076
292 0.007046
297 0.007044
315 0.007007
320 0.006984
323 0.006983
326 0.006961
329 0.006955
332 0.006928
335 0.006927
341 0.00692
348 0.006816
351 0.006743
354 0.006739
357 0.006651
367 0.006619
370 0.006615
373 0.006525
376 0.00652
380 0.006413
383 0.006394
386 0.006075
389 0.005738
396 0.005733
400 0.005295
410 0.005061
413 0.004565
427 0.004554
434 0.004443
442 0.003922
449 0.003628
452 0.003468
471 0.002829
475 0.00239
483 0.00211
486 0.001931
494 0.00169
534 0.00159
559 0.001572
572 0.001303
630 0.001301
663 0.001158
668 0.001127
683 0.001106
693 0.001096
703 0.000963
708 0.000939
718 0.000802
723 0.000697
749 0.000663
759 0.000521
786 0.000471
842 0.000455
871 0.000427
883 0.000388
907 0.000323
926 0.000312
970 0.000302
1002 0.000228
1009 0.000214
1028 0.000167
1035 0.000138
1069 7.8e-05
1083 6.1e-05
1126 5.1e-05
1184 2.2e-05
1293 1.7e-05
1325 6e-06
1444 5e-06
1470 3e-06
1506 2e-06
1571 1e-06
