 DIM = 12
1 34.3398
10 34.1745
11 33.8976
12 33.4297
19 33.3984
20 32.8664
26 32.6613
27 32.1516
34 31.9393
35 31.2646
43 31.0569
44 30.208
52 29.9569
53 28.8588
60 28.8408
62 27.6992
69 27.5346
70 26.3754
76 26.1398
78 25.8799
81 25.6363
82 25.4796
108 25.3447
110 25.1819
121 25.1664
122 24.8907
135 24.859
137 24.6508
143 24.4803
145 24.0154
157 23.8898
159 23.4292
163 23.3648
165 22.5749
179 22.3621
181 21.5562
190 21.363
192 20.3263
206 19.8533
208 18.3271
229 17.9751
232 16.5828
244 16.1966
247 14.5544
265 14.4128
267 13.7482
284 13.3708
286 12.4756
345 12.4687
360 12.3425
367 12.1407
370 11.9333
386 11.1478
389 10.1137
431 9.89032
434 9.54306
442 8.39387
445 6.59022
471 6.25165
475 4.70426
498 4.29667
510 4.06928
538 4.0671
577 3.91985
654 3.89989
693 3.87267
703 3.84505
733 3.81799
744 3.79759
754 3.79459
825 3.78609
831 3.7743
877 3.76391
889 3.746
926 3.741
944 3.72526
982 3.69556
995 3.67927
1083 3.67847
1147 3.66029
1162 3.64267
1184 3.63997
1192 3.62673
1285 3.60928
1309 3.58696
1317 3.55425
1392 3.52515
1401 3.46475
1470 3.44685
1479 3.40365
1515 3.39404
1525 3.34739
1571 3.31301
1581 3.23637
1628 3.23443
1638 3.18617
1677 3.17255
1687 3.08724
1738 3.06474
1748 2.9775
1779 2.97672
1790 2.89115
1875 2.841
1886 2.76997
1953 2.76911
1975 2.73726
1998 2.72806
2021 2.66738
2128 2.6278
2265 2.60662
2303 2.55132
2316 2.50824
2633 2.46472
2648 2.4179
2736 2.41036
2752 2.38639
2782 2.36315
2797 2.34572
2813 2.33795
2828 2.28938
2875 2.25999
2890 2.17838
3019 2.12394
3068 2.11246
3085 2.06576
3135 2.06377
3169 2.01222
3186 2.00317
3221 1.93521
3344 1.88755
3416 1.80896
3434 1.67106
3859 1.66919
3900 1.64452
3920 1.54366
4024 1.49524
4152 1.43431
4262 1.41792
4351 1.40339
4419 1.37841
4442 1.3002
4800 1.28697
5000 1.2774
5052 1.19398
5077 1.12732
5397 1.1264
5508 1.10306
5764 1.07836
6153 1.07767
6214 1.06713
6277 1.05127
7357 1.04902
7577 1.04893
7727 1.04873
7842 1.04607
7919 1.04171
8356 1.03945
8730 1.03473
9946 1.03375
9994 1.03235
10090 1.03135
10237 1.03066
10385 1.0288
10485 1.02706
10535 1.0229
10945 1.02251
10998 1.01899
11156 1.01811
11209 1.01737
11370 1.01302
11811 1.01049
11867 1.01021
11980 1.00805
12037 1.00658
12151 1.00578
12267 1.00297
12325 1.00208
12501 0.996935
12679 0.99506
12860 0.990357
13105 0.990175
13417 0.989406
13800 0.985475
14194 0.974562
14260 0.968394
15582 0.96837
15655 0.964567
15875 0.963931
15949 0.962263
16098 0.954403
16399 0.953548
16476 0.949573
16706 0.944722
16784 0.937237
16940 0.932591
17019 0.918308
17823 0.914232
17989 0.911802
18072 0.906381
18578 0.900175
18664 0.894661
18923 0.892203
19010 0.891016
19098 0.87995
19186 0.86723
19812 0.860271
19903 0.852478
20271 0.846352
20364 0.832689
21414 0.815983
21512 0.815482
21610 0.813133
22008 0.810061
23033 0.8075
23993 0.806031
24543 0.805457
24654 0.80482
24879 0.80387
25911 0.799139
26146 0.798345
26743 0.798014
27107 0.79758
27352 0.797421
27724 0.796714
28482 0.794766
30600 0.794557
30738 0.790725
36897 0.788628
37225 0.788487
41030 0.787251
41211 0.785888
44220 0.783782
44415 0.782631
44611 0.782554
44807 0.781003
46004 0.780606
46206 0.778426
47024 0.777267
47231 0.775438
48489 0.774008
48702 0.770002
49562 0.769899
49780 0.767681
50437 0.766164
50658 0.761153
52004 0.757794
52231 0.750481
53851 0.749169
54087 0.743184
54798 0.74214
55038 0.73359
56249 0.732084
56494 0.72931
56988 0.728442
59778 0.726144
60300 0.724975
65757 0.724393
67777 0.723958
68071 0.722561
69257 0.721492
69857 0.720144
72621 0.719983
77130 0.718499
77463 0.718175
80861 0.718006
82969 0.71718
83326 0.716205
85130 0.715815
85495 0.714947
87719 0.714598
88095 0.714489
88852 0.711692
89233 0.710715
90384 0.709266
90772 0.706898
93926 0.702973
96361 0.702337
96773 0.698083
99279 0.697217
99703 0.692468
101848 0.690977
102282 0.688752
104926 0.688254
105822 0.682064
106272 0.679787
108554 0.678839
109016 0.677941
111354 0.676564
114224 0.671022
114709 0.670061
117165 0.663971
119672 0.663242
127508 0.660301
128047 0.65859
134698 0.655228
141684 0.65198
142281 0.649462
153467 0.64727
158707 0.645651
169005 0.645405
176966 0.645345
177707 0.644572
178452 0.644364
179950 0.643756
182220 0.643415
185290 0.641661
186066 0.641112
201410 0.639766
202251 0.639613
203943 0.639016
209973 0.638252
210849 0.637993
216177 0.637711
220716 0.637379
222558 0.637265
223485 0.637153
230076 0.635312
231033 0.633455
243830 0.631871
244843 0.629993
254142 0.629174
255196 0.627326
258384 0.626468
259455 0.623386
265974 0.622538
267076 0.619664
269293 0.619012
270409 0.615177
277196 0.613157
278343 0.612927
279495 0.611067
281812 0.609541
282978 0.606477
285324 0.605357
286504 0.603078
313699 0.601905
325535 0.60033
339198 0.5989
340595 0.597881
354873 0.596314
356333 0.59546
363719 0.595346
365214 0.594012
375849 0.593297
377393 0.591629
380499 0.591135
382061 0.59016
388373 0.587152
389967 0.585618
394787 0.585361
396407 0.581982
404603 0.579206
407927 0.579126
409600 0.578455
418062 0.578313
424954 0.578113
439073 0.578023
440870 0.574907
446304 0.570775
448130 0.568888
466793 0.568264
468701 0.565239
480307 0.562482
482269 0.55727
498246 0.556389
500279 0.553739
510567 0.552085
536111 0.551061
549347 0.544774
551584 0.541556
595818 0.540987
628065 0.535969
630615 0.534859
681040 0.533557
683800 0.53134
703434 0.530648
709144 0.530083
712016 0.528906
720701 0.526976
723619 0.525771
729490 0.521806
732442 0.516126
787641 0.514987
790824 0.514745
823359 0.514737
830022 0.512896
833373 0.511607
853760 0.511478
860664 0.51085
864136 0.508791
906892 0.507812
917901 0.507296
936541 0.507073
944101 0.50584
951720 0.505756
955553 0.505367
971034 0.504698
994719 0.504634
1002739 0.503805
1014888 0.499975
1018970 0.499075
1069226 0.496643
1073522 0.493934
1126416 0.492961
1153815 0.491259
1163092 0.490086
1196144 0.48856
1220315 0.486499
1225206 0.485741
1265038 0.483329
1290575 0.482257
1295743 0.480747
1327180 0.479075
1332492 0.477174
1353950 0.476115
1359367 0.475047
1370265 0.474278
1420379 0.473578
1454785 0.471138
1472294 0.469839
1507935 0.469721
1562992 0.468695
1588092 0.468617
1613588 0.465707
