 DIM = 4
1 11303.8
7 10488.2
8 9622.54
11 9198.34
12 8258.07
13 7824.62
14 6437.64
16 6017.63
18 4677.31
19 4290.57
20 3142.81
22 3022.44
29 2993.28
32 2962.77
38 2838.38
39 2756.08
51 2711.81
52 2640.33
53 2569.43
55 2415.9
58 2383.36
59 2259.38
60 2172.08
62 1994.89
63 1898.45
65 1616.39
69 1417.23
70 1323.19
72 1267.03
75 1098.97
78 1025.69
102 1025.13
110 1021.72
112 1018.16
124 1017.03
130 1014.84
137 1013.05
139 1012.39
145 1011.28
153 1008.9
155 1007.46
161 1003.65
163 999.928
167 999.329
169 996.397
177 989.415
179 982.59
184 981.059
186 978.864
188 970.549
190 962.158
192 953.393
194 938.547
201 926.819
206 922.286
213 921.264
217 921.12
222 921.034
229 918.261
234 917.842
249 917.697
254 917.384
260 917.35
265 917.321
270 917.2
275 917.175
286 917.157
292 917.14
300 917.111
312 917.107
320 917.08
360 917.074
363 917.07
370 917.058
373 917.052
376 917.042
380 917.025
383 917.022
386 917.003
389 916.995
393 916.969
396 916.95
400 916.915
403 916.892
406 916.838
410 916.829
413 916.777
417 916.708
420 916.59
424 916.534
427 916.338
438 916.065
442 915.759
452 915.468
456 915.061
460 915.032
464 914.671
471 914.238
475 913.609
479 913.368
483 912.613
494 911.904
498 911.46
506 911.13
510 910.638
518 909.721
522 909.383
530 908.107
534 907.443
555 905.881
559 904.784
581 904.263
599 903.852
603 903.777
612 903.772
630 903.768
644 903.439
654 903.352
663 903.328
688 903.274
698 903.259
728 903.251
738 903.249
744 903.243
759 903.24
770 903.238
792 903.237
803 903.237
820 903.235
831 903.235
871 903.235
883 903.234
895 903.234
932 903.234
951 903.234
1002 903.234
1015 903.234
1028 903.234
1042 903.234
1055 903.234
1104 903.234
1118 903.234
