 DIM = 9
1 54
20 53.9947
21 53.967
26 53.9647
27 53.9322
30 53.9283
32 53.886
35 53.8841
36 53.8312
40 53.8199
42 53.7464
45 53.742
47 53.6469
51 53.6414
52 53.5192
56 53.5045
58 53.3412
62 53.3364
63 53.1314
67 53.1095
69 52.8408
73 52.81
75 52.6105
78 52.5592
79 52.3513
81 52.3422
82 52.012
97 51.9191
98 51.7175
107 51.6656
108 51.4367
114 51.3745
115 51.0458
122 51.003
124 50.621
128 50.6027
130 50.0728
135 50.0625
137 49.3753
145 49.0392
147 48.036
157 47.7261
159 46.8151
165 46.6534
167 45.5495
173 45.5336
175 44.1309
181 43.9151
186 43.826
188 42.2292
192 42.1898
197 41.653
225 40.7777
227 40.2302
275 39.686
278 38.9933
326 38.7202
335 38.3081
345 38.0702
348 37.089
363 37.053
367 36.8442
373 36.833
396 36.3147
452 35.7327
456 35.2846
514 35.136
518 34.5987
543 34.1403
547 33.427
577 32.8555
581 32.4504
594 32.2756
599 32.2422
617 31.5738
621 30.7759
644 30.3977
649 29.8776
683 29.8494
688 29.7462
703 29.4767
708 29.2227
754 29.1278
759 28.7733
770 28.7406
781 28.5333
786 28.475
797 28.1878
803 28.067
808 28.0359
820 27.7914
825 27.2697
837 27.0058
877 26.572
883 25.7571
989 25.4421
1002 25.1614
1162 25.0644
1238 24.963
1269 24.9073
1285 24.8452
1333 24.7701
1479 24.7567
1497 24.698
1590 24.612
1600 24.5308
1707 24.5133
1717 24.3984
1748 24.3803
1758 24.2215
1843 24.099
1853 23.9008
1919 23.7856
1930 23.4794
1987 23.4778
1998 23.106
2033 23.0855
2045 22.6081
2092 22.5105
2278 22.5082
2329 22.5053
2382 22.5021
2648 22.5015
2813 22.5009
3002 22.5006
3308 22.5003
3344 22.5002
3759 22.5001
3961 22.5001
4419 22.5
4654 22.5
4849 22.5
5564 22.5
5851 22.5
5910 22.5
7614 22.5
