 DIM = 8
1 9.39348
4 9.17402
10 7.73854
12 5.39261
13 3.04661
18 2.37894
19 0.600468
21 0.421329
22 0.343802
23 0.323481
39 0.298793
42 0.182198
45 0.137811
52 0.124243
55 0.108025
58 0.093782
60 0.087727
63 0.071188
69 0.050184
73 0.039197
79 0.03906
82 0.035567
86 0.033665
89 0.03312
92 0.031016
95 0.024711
98 0.024514
102 0.022175
105 0.021029
108 0.02054
117 0.020176
122 0.018565
130 0.015761
145 0.013583
147 0.013362
167 0.010774
169 0.009032
184 0.0082
188 0.006868
190 0.006714
210 0.006707
239 0.006631
244 0.00601
249 0.005551
252 0.005459
270 0.005213
273 0.004818
278 0.004724
281 0.004455
292 0.004323
309 0.004242
315 0.004111
335 0.003532
338 0.003434
370 0.003355
389 0.003154
413 0.003138
420 0.003037
442 0.002913
460 0.00281
490 0.002614
494 0.00256
514 0.00253
526 0.002481
538 0.002345
543 0.002342
551 0.002218
572 0.002114
581 0.001987
585 0.001883
621 0.001812
630 0.001707
640 0.001675
678 0.001588
688 0.001519
693 0.0015
754 0.001445
797 0.001439
825 0.001406
837 0.001405
895 0.00139
913 0.001371
932 0.001345
1002 0.001343
1042 0.001337
1055 0.001328
1076 0.001317
1090 0.001309
1097 0.001302
1126 0.001289
1133 0.001284
1140 0.00128
1147 0.001278
1169 0.001233
1177 0.001193
1245 0.00118
1253 0.001161
1261 0.001156
1269 0.00114
1285 0.001119
1293 0.001078
1317 0.001067
1325 0.001052
1333 0.000999
1342 0.000925
1358 0.000913
1367 0.00082
1392 0.000803
1401 0.000721
1426 0.000685
1453 0.000669
1479 0.000553
1488 0.000534
1543 0.000519
1667 0.000511
1687 0.000509
1717 0.000505
1738 0.000504
1769 0.0005
1790 0.000498
1843 0.000494
1919 0.000492
1987 0.00049
2010 0.000489
2068 0.000488
2152 0.000487
2214 0.000484
2227 0.000483
2369 0.000481
2382 0.00048
2409 0.000479
2463 0.000476
2477 0.000472
2547 0.000471
2561 0.00047
2590 0.000466
2604 0.00046
2677 0.000457
2692 0.000455
2721 0.000453
2736 0.000451
2752 0.000446
2767 0.000439
2797 0.000438
2813 0.00043
2890 0.000417
2906 0.000408
3002 0.000402
3019 0.00039
3052 0.000388
3068 0.000371
3152 0.000356
3169 0.000338
3204 0.000336
3221 0.000319
3291 0.000305
3308 0.000285
3326 0.00028
3344 0.000251
3434 0.000248
3471 0.000221
3490 0.000197
3527 0.000196
3546 0.000173
3603 0.000169
3622 0.000153
3719 0.000144
3798 0.000125
3839 0.00012
4045 0.000114
4152 0.000102
4351 9.7e-05
4374 9.6e-05
4397 9.1e-05
4419 9e-05
4512 7.6e-05
4535 6.8e-05
4726 6.2e-05
4800 6.1e-05
4849 5.4e-05
4949 4.6e-05
4975 4.5e-05
5026 3.7e-05
5052 3.4e-05
5235 2.4e-05
5289 1.5e-05
5315 1.3e-05
5649 1.1e-05
5793 8e-06
5910 7e-06
6091 6e-06
6214 4e-06
6764 3e-06
