 DIM = 7
1 11189
9 11132.9
10 11020.7
13 10995.8
14 10857.1
18 10804.8
19 10612.7
22 10554.8
23 10314.4
27 10179.8
28 9824.59
32 9734.69
33 9285.68
36 9103.92
38 8495.91
42 8225.47
43 7379.26
47 7100.8
48 5982.78
52 5545.31
53 4023.03
58 3426.66
59 1356.22
63 575.116
90 424.375
94 324.325
97 286.211
102 262.033
115 255.3
119 199.236
122 140.276
130 121.705
137 112.108
149 90.8177
153 69.2086
157 63.1628
165 60.279
169 59.9122
173 54.6109
181 43.0662
186 37.468
190 33.995
194 32.8554
199 31.6926
203 31.6253
208 28.0074
217 22.3276
227 22.2947
232 18.7778
242 18.2478
252 16.9696
262 15.7443
289 15.6808
295 15.5504
318 15.5222
351 15.4335
357 15.4179
376 15.414
386 15.4117
393 15.4076
400 15.3974
406 15.389
413 15.3835
427 15.3786
449 15.376
518 15.376
585 15.3754
635 15.3752
698 15.3751
754 15.3751
808 15.375
825 15.375
889 15.375
1049 15.375
1083 15.375
1301 15.375
