 DIM = 4
1 1.6154e+06
2 1.46135e+06
5 1.12635e+06
6 781935
9 614681
10 345008
11 313225
12 114841
14 64848.7
15 24875.4
16 20925
28 20539.3
29 18756.8
30 18716.4
33 17453.1
34 15277.6
36 13332.6
38 10597.5
40 8569.72
42 5936
45 4792.56
47 2854.21
51 2694.63
53 2394.21
73 2364.28
78 2363.41
86 2362.4
87 2332.99
105 2329.01
108 2324.1
112 2323.1
117 2314.83
126 2309.88
128 2306.01
130 2304.65
133 2296.6
135 2292.09
137 2286.13
139 2281.48
141 2269.18
143 2254.67
145 2254.14
149 2221.86
151 2188.29
155 2177.55
157 2158.9
159 2125.78
161 2086.62
163 2052.75
165 1983.69
171 1918.09
173 1853.22
175 1799
177 1697.72
181 1576.95
184 1428.96
188 1258.26
190 1093.67
197 1016.52
199 823.354
203 690.195
206 493.353
208 318.726
210 130.313
215 16.4329
237 10.599
260 8.40908
267 6.65455
273 4.29158
278 0.954911
295 0.761481
323 0.511577
329 0.42548
345 0.306927
348 0.177746
360 0.093396
376 0.063856
400 0.02912
403 0.028441
406 0.022389
427 0.0033
483 0.002455
490 0.001763
498 0.001611
510 0.000501
514 0.000246
522 6.6e-05
568 2e-05
612 1.5e-05
617 2e-06
728 1e-06
