 DIM = 4
1 3.08386e+11
7 2.78066e+11
8 2.45916e+11
11 2.25892e+11
12 1.919e+11
13 1.76526e+11
14 1.29666e+11
16 1.20363e+11
18 7.97099e+10
19 6.55723e+10
20 2.85838e+10
22 1.76122e+10
23 4.17722e+09
24 3.03374e+09
27 1.51685e+09
51 1.41165e+09
52 1.36453e+09
58 1.3013e+09
59 1.21346e+09
63 1.17927e+09
65 1.07049e+09
66 1.02932e+09
67 8.67152e+08
69 8.54059e+08
70 6.93142e+08
73 5.12462e+08
75 3.3455e+08
78 2.49042e+08
79 1.51204e+08
84 1.09072e+08
102 1.03722e+08
103 8.85488e+07
105 7.77281e+07
112 6.30336e+07
114 5.39704e+07
117 5.30046e+07
121 3.97258e+07
122 3.82799e+07
124 2.18824e+07
126 1.48034e+07
130 1.34419e+07
135 1.11587e+07
143 9.85952e+06
147 8.93886e+06
153 8.33931e+06
155 6.21237e+06
161 6.15886e+06
163 4.44355e+06
165 3.98984e+06
194 3.96519e+06
197 3.95401e+06
203 3.90196e+06
206 3.86698e+06
213 3.86209e+06
220 3.8375e+06
229 3.82986e+06
234 3.82739e+06
237 3.81363e+06
249 3.79212e+06
252 3.79161e+06
262 3.76482e+06
265 3.75528e+06
275 3.71681e+06
278 3.69089e+06
292 3.642e+06
295 3.59764e+06
306 3.58083e+06
309 3.56558e+06
312 3.48997e+06
315 3.40281e+06
323 3.3352e+06
326 3.29518e+06
329 3.17599e+06
332 3.02572e+06
341 2.93515e+06
348 2.75584e+06
351 2.64315e+06
360 2.51709e+06
363 2.49206e+06
370 2.44447e+06
380 2.30535e+06
383 2.28891e+06
396 2.13725e+06
400 2.0239e+06
406 2.0236e+06
410 1.99738e+06
413 1.92074e+06
424 1.63032e+06
427 1.39398e+06
442 948944
445 650625
460 517546
464 363868
467 305790
471 240801
475 154327
479 115212
506 101022
526 95076.7
534 93646.3
547 92998
555 91525.6
564 87346.8
617 86389.9
640 86328.9
654 86209.1
678 85994.5
688 85980.1
708 85857.3
797 85856.3
