 DIM = 7
1 1.16859e+09
9 1.16442e+09
10 1.14781e+09
13 1.14414e+09
14 1.12381e+09
16 1.12337e+09
18 1.09705e+09
20 1.09248e+09
21 1.05538e+09
24 1.03962e+09
26 9.87533e+08
29 9.76283e+08
30 9.14454e+08
33 9.13235e+08
34 8.36515e+08
36 8.1922e+08
38 7.12341e+08
42 6.71805e+08
43 5.36677e+08
47 5.07166e+08
48 3.63933e+08
52 3.08928e+08
53 1.64264e+08
58 1.27359e+08
59 2.73172e+07
63 6.50677e+06
66 4.4017e+06
69 2.70485e+06
92 2.67552e+06
95 1.80184e+06
98 1.40744e+06
102 843610
108 595677
115 529536
122 355632
126 292323
130 192640
133 175754
137 141266
141 125899
145 97960.3
153 70227.2
157 60508
161 37992.2
165 36222.4
169 27828.2
173 26018.4
177 23697.3
181 20575.3
186 13556.7
190 12821.9
194 7272.03
203 5290.68
213 4447.24
222 2485.21
232 1466.5
242 1053.46
252 838.891
262 526.928
273 309.04
284 228.181
295 192.862
300 187.809
306 112.065
318 65.3025
329 48.8965
341 43.0011
354 29.0326
367 21.0054
373 20.4856
380 17.5906
386 17.1716
393 15.473
406 12.8202
413 12.8028
420 10.7576
434 10.0942
449 9.79732
464 9.16857
479 8.89323
486 8.87209
494 8.75644
502 8.73631
510 8.68719
518 8.67742
526 8.57498
534 8.54799
543 8.47769
559 8.45108
577 8.43724
594 8.41583
612 8.4005
630 8.39495
649 8.39251
668 8.38722
688 8.38415
708 8.38309
728 8.38254
749 8.38169
770 8.38114
781 8.38108
792 8.38091
803 8.38086
814 8.38081
825 8.38076
837 8.38059
848 8.38058
860 8.38045
883 8.3804
907 8.38038
932 8.38034
957 8.38031
982 8.3803
1009 8.3803
1035 8.38029
1062 8.38029
1090 8.38029
1147 8.38028
1177 8.38028
1222 8.38028
