 DIM = 6
1 15.8545
2 15.8478
8 14.9852
9 14.3068
14 14.3046
15 14.0631
16 13.8891
18 13.7618
19 13.5079
20 13.2998
29 13.1023
30 12.8196
34 12.6004
35 12.1573
39 11.8076
40 11.0894
44 10.7923
45 9.91573
49 9.42175
51 8.50638
53 8.25416
55 7.2834
56 7.14366
70 6.63306
94 6.33628
95 6.07723
103 5.90812
105 5.53581
112 5.4965
115 4.97158
117 4.56397
121 4.49233
122 4.09437
128 3.75269
130 3.42147
135 3.19815
137 2.65378
149 2.55576
157 2.48443
159 2.39838
167 2.26421
169 2.22637
171 2.03341
173 1.93218
215 1.92476
229 1.90976
234 1.90244
260 1.90231
273 1.89606
275 1.89463
292 1.89057
295 1.88631
300 1.88272
306 1.87763
309 1.87717
312 1.86753
315 1.85894
326 1.84915
335 1.82742
338 1.80723
351 1.80404
354 1.78685
360 1.78263
363 1.75222
373 1.74951
376 1.74151
383 1.70452
386 1.70137
389 1.65913
393 1.61117
406 1.59207
413 1.49426
427 1.48857
434 1.40941
464 1.36199
471 1.3199
479 1.29939
494 1.28004
510 1.2354
514 1.20298
518 1.17768
522 1.09243
534 1.02066
538 0.978771
547 0.856119
594 0.771864
603 0.696781
630 0.654347
635 0.653694
698 0.620898
744 0.603189
775 0.587818
803 0.575402
848 0.559696
951 0.558803
963 0.557156
982 0.55645
1009 0.556075
1022 0.556035
1035 0.553974
1126 0.553936
1147 0.553581
1169 0.553321
1285 0.553099
1350 0.552915
1571 0.552833
1687 0.55283
1697 0.552815
1800 0.552788
1811 0.552786
1821 0.552781
1941 0.55278
1964 0.552779
2021 0.552771
2045 0.552767
2092 0.552753
2189 0.552747
2369 0.552742
2409 0.552741
2423 0.552739
2436 0.552738
2463 0.552732
2604 0.55273
2633 0.552728
2648 0.552725
2736 0.552722
2752 0.55272
2767 0.552717
2828 0.552709
2843 0.552699
2922 0.552696
2938 0.552685
2986 0.552679
3002 0.55266
3052 0.552654
3068 0.552631
3102 0.552626
3118 0.552596
3152 0.552592
3169 0.552555
3204 0.552532
3221 0.552468
3256 0.552464
3273 0.552382
3308 0.55237
3326 0.552258
3362 0.552226
3398 0.552183
3798 0.552182
4152 0.552177
4196 0.552174
4329 0.552173
4419 0.552169
4442 0.552162
4582 0.55216
4606 0.552152
4750 0.552145
4775 0.552135
4874 0.552128
4899 0.552115
4949 0.552105
5026 0.5521
5851 0.552098
6500 0.552097
