 DIM = 9
1 8.16061e+06
15 8.1564e+06
16 8.06226e+06
20 8.0221e+06
21 7.8842e+06
26 7.86353e+06
27 7.70641e+06
30 7.68973e+06
32 7.47895e+06
36 7.40407e+06
38 7.14381e+06
42 7.13109e+06
43 6.81703e+06
47 6.78686e+06
48 6.41614e+06
52 6.28089e+06
53 5.74506e+06
59 5.70371e+06
60 5.14031e+06
65 5.05606e+06
66 4.38834e+06
70 4.37977e+06
72 3.68281e+06
76 3.51002e+06
78 2.70602e+06
82 2.63807e+06
84 1.8246e+06
90 1.69528e+06
92 1.04862e+06
97 985828
98 510033
103 484421
105 299906
165 294839
181 292115
192 289766
197 283156
199 278533
201 278464
203 271163
234 267666
237 258027
244 253615
247 241138
257 240686
260 226893
265 224044
267 203426
281 193931
284 171652
297 162333
300 138276
309 135616
312 106891
326 97476.9
329 71763.1
335 71695.2
338 46334.1
348 46205.7
351 25119.9
360 22765.4
363 8545.66
383 3814.81
389 3619.77
498 3500.44
526 3470.96
564 3464.39
572 3453.38
608 3416.59
640 3414.03
663 3409.37
673 3406
683 3377.51
792 3365.2
797 3358.7
820 3357.77
825 3346.91
854 3344.44
860 3336.43
877 3318.82
883 3296.53
907 3289.4
913 3262.88
944 3244.26
951 3193.77
970 3193.12
976 3142.14
1009 3117
1015 3050.42
1042 3022.65
1049 2960.55
1062 2948.28
1069 2855.29
1097 2851.1
1104 2795.54
1126 2786.59
1140 2687.9
1147 2608.25
1230 2588.11
1350 2581.15
1375 2580.17
1392 2577.68
1418 2573.8
1470 2566.38
1552 2560.39
1648 2556.31
1707 2552.3
1769 2545.94
1779 2542.83
1853 2536.51
1864 2529.39
1930 2518.5
1941 2513.48
1975 2506.95
1987 2494.35
2045 2484.69
2056 2463.49
2092 2463.47
2104 2446.24
2116 2445.94
2128 2416.26
2189 2398
2202 2359.18
2252 2327.88
2265 2263.62
2316 2253.55
2329 2183.53
2382 2158.25
2396 2085.79
2436 2055.58
2450 1957.51
2505 1904.52
2519 1773.91
2590 1690.5
2604 1552.37
2662 1489.66
2677 1331.15
2721 1329.67
2736 1136.31
2782 1115.63
2797 900.647
2859 804.939
2875 575.047
2922 568.714
2938 347.176
2986 317.179
3002 157.976
3068 147.81
3308 93.2454
3326 88.0198
3879 84.947
3920 83.8656
4003 81.4113
4109 81.1208
4152 80.7206
4262 79.4728
4442 78.9891
4606 78.8949
4654 78.7427
4775 78.591
4924 78.5345
5077 78.3828
5452 78.228
6340 78.2267
