 DIM = 3
1 1306.23
2 1305.5
3 1305.44
5 1169.7
6 1041.26
8 1013.33
9 881.303
10 758.707
11 541.484
13 345.677
14 141.497
15 89.6226
16 15.8973
18 14.8022
28 14.2401
30 13.9354
33 13.829
35 13.5322
38 13.5026
40 13.4001
45 13.3614
48 13.3602
51 13.34
56 13.3357
62 13.3325
65 13.3313
70 13.3278
72 13.3274
78 13.3235
79 13.3209
86 13.3173
87 13.3126
89 13.3103
90 13.3034
94 13.295
95 13.2825
98 13.271
100 13.2516
102 13.2484
103 13.2271
105 13.2117
107 13.1732
108 13.1431
110 13.0705
112 13.0637
114 12.9774
115 12.9009
117 12.7236
119 12.6592
121 12.3801
122 12.2644
124 11.7622
126 11.3869
128 10.1066
130 9.78521
132 7.46426
157 7.44628
161 7.25681
165 6.74608
169 6.36095
171 6.09561
173 5.95809
181 5.3599
184 4.73043
190 4.61033
192 3.99279
194 3.49197
197 2.51527
199 2.3529
201 1.69646
203 0.938389
208 0.575093
215 0.033001
244 0.032412
249 0.029936
260 0.010571
281 0.009858
292 0.009396
297 0.009159
315 0.009052
320 0.009018
338 0.009011
354 0.009002
370 0.009001
383 0.009
