 DIM = 4
1 0.195153
3 0.193174
4 0.189142
6 0.181331
7 0.16962
8 0.167893
9 0.149382
11 0.141702
15 0.120361
16 0.09323
20 0.077681
22 0.065181
26 0.045176
48 0.044156
60 0.043793
65 0.043772
66 0.043668
67 0.043283
70 0.043206
79 0.043144
87 0.042807
89 0.04257
95 0.042408
97 0.042113
102 0.041769
103 0.041701
105 0.041485
119 0.041356
126 0.0411
128 0.040931
155 0.040859
163 0.040762
184 0.040754
186 0.040739
188 0.040649
194 0.040601
197 0.040534
203 0.040492
206 0.040441
210 0.040286
213 0.040098
225 0.040065
234 0.040054
257 0.040045
260 0.039947
262 0.039804
295 0.039788
335 0.039778
348 0.039767
351 0.039764
373 0.039762
383 0.039758
406 0.039754
438 0.039753
460 0.039751
464 0.03975
483 0.039749
502 0.039748
514 0.039747
530 0.039746
