 DIM = 8
1 264839
11 246672
12 225852
20 221612
21 201955
24 197802
26 172643
29 168426
30 138960
34 137548
35 106049
38 100644
39 62937.8
44 55922.4
45 31595.3
48 26877
51 19053.3
89 16679.8
107 16240.5
121 15190.2
124 13225.5
126 10579.4
149 8974.03
157 7795.26
165 7025.81
175 6967.45
192 6934.3
203 6286.68
213 6236.77
217 5889.76
244 5393.63
292 5382.66
297 5309.78
303 5212.14
318 5182.07
323 5159.28
341 5128.55
348 5109.4
360 5095.06
367 5043.87
373 5019.95
393 4999.57
427 4973.92
449 4972.95
460 4966.07
467 4956.56
475 4953.4
490 4951.04
498 4944.21
510 4942.29
518 4940.66
534 4937.49
543 4932.05
559 4931.9
577 4927.69
594 4927.46
603 4926.23
612 4923.94
621 4923.94
640 4921.73
663 4921.05
673 4920.07
693 4919.94
703 4918.98
723 4918.89
733 4918.21
744 4918.2
754 4917.94
765 4917.66
775 4917.01
797 4916.59
831 4916.32
842 4916.17
865 4915.87
883 4915.83
895 4915.75
919 4915.65
944 4915.32
989 4915.28
1015 4915.27
1042 4915.22
1055 4915.18
1069 4915.17
1083 4915.11
1097 4915.01
1169 4915.01
1184 4914.97
1245 4914.93
1261 4914.92
1309 4914.92
1342 4914.91
1358 4914.9
1392 4914.89
1426 4914.88
1453 4914.88
1479 4914.87
1525 4914.86
1581 4914.86
1600 4914.86
1667 4914.85
1707 4914.85
1758 4914.85
1790 4914.84
1843 4914.84
1864 4914.84
1964 4914.84
1987 4914.84
2010 4914.84
2033 4914.84
2140 4914.84
2165 4914.84
2214 4914.84
2239 4914.84
2303 4914.84
2356 4914.84
2409 4914.84
2436 4914.84
2463 4914.84
2491 4914.84
2519 4914.84
2547 4914.84
2633 4914.84
2721 4914.84
2752 4914.84
2782 4914.84
2906 4914.84
2938 4914.84
2970 4914.84
3002 4914.84
3035 4914.84
3135 4914.84
3169 4914.84
3204 4914.84
3238 4914.84
3344 4914.84
3434 4914.84
3471 4914.84
3641 4914.84
3680 4914.84
3778 4914.84
3961 4914.84
4088 4914.84
4131 4914.84
4174 4914.84
4262 4914.84
4351 4914.84
4442 4914.84
4582 4914.84
4630 4914.84
4824 4914.84
5026 4914.84
5182 4914.84
5289 4914.84
5620 4914.84
6277 4914.84
