 DIM = 8
1 64
10 63.2563
11 62.0141
16 61.9842
18 60.7987
20 60.57
21 58.8841
24 58.8649
26 57.116
29 56.1059
30 53.482
35 53.005
36 50.7671
40 50.0856
42 47.6463
45 47.2962
47 45.3482
53 44.8638
62 43.8962
63 42.622
72 42.5255
73 41.5129
78 41.0856
79 39.7338
86 39.5696
87 38.6564
89 38.632
90 38.0305
92 37.8476
94 37.2698
98 36.895
102 36.268
114 35.709
115 35.1232
124 34.9316
130 34.2308
132 33.8637
137 33.5126
139 33.3262
141 32.9867
143 32.9685
147 32.4989
155 31.7699
157 31.1068
167 31.0257
181 30.9514
186 30.2436
192 29.8069
203 29.3126
208 29.1107
227 29.0557
234 28.3502
237 28.3349
239 27.8517
242 27.4479
254 27.3848
262 26.8362
265 26.6601
273 26.1987
275 25.9149
286 25.3555
289 25.1021
309 24.4239
354 24.3296
357 23.885
389 23.625
410 23.3913
442 23.1986
449 22.8876
452 22.6984
475 22.608
479 22.5453
510 22.3885
514 22.2253
518 22.0644
522 21.7832
530 21.6827
534 21.174
555 20.8703
559 20.5241
577 20.2493
581 19.8655
590 19.781
594 19.5393
608 18.9809
612 18.3599
640 18.1902
644 18.0732
654 18.0182
663 17.8032
673 17.4081
683 17.3298
693 17.2277
703 16.5254
708 16.4218
765 16.3729
781 16.3552
820 16.2114
831 16.1587
842 15.816
871 15.7783
907 15.7535
938 15.6485
963 15.6223
982 15.5922
995 15.4511
1009 15.4096
1022 15.4008
1083 15.3696
1104 15.1331
1111 15.1241
1140 15.0816
1147 15.0319
1155 15.0069
1162 14.9411
1192 14.6899
1238 14.6349
1245 14.4334
1285 14.4184
1293 14.2894
1333 14.0731
1342 14.0534
1358 13.8838
1367 13.8747
1375 13.7808
1383 13.7065
1401 13.4486
1409 13.2027
1435 12.898
1444 12.6339
1515 12.4447
1552 12.3171
1590 12.0363
1619 11.7034
1628 11.4273
1677 11.3446
1687 10.9839
1821 10.8012
1864 10.5637
1875 10.5092
1964 10.1351
1975 10.0756
2152 9.97143
2202 9.90611
2278 9.64664
2423 9.62525
2463 9.60128
2561 9.40453
2575 9.31379
2707 9.26739
2721 9.26124
2736 9.22655
2813 9.17795
2890 9.06218
2906 9.03658
3035 8.97338
3052 8.97138
3256 8.96349
3273 8.8738
3434 8.82396
3453 8.79118
3508 8.78047
3546 8.75034
3603 8.74783
3699 8.63731
3719 8.55937
3839 8.55636
3859 8.52064
3900 8.50333
3941 8.45845
4003 8.44442
4045 8.35028
4066 8.24813
4218 8.2102
4240 8.17397
4262 8.1731
4284 8.17111
4306 8.13791
4351 8.05863
4397 7.97264
4419 7.87125
4512 7.78782
4535 7.73185
4702 7.65851
4775 7.55237
4800 7.53713
4975 7.46018
5077 7.40144
5315 7.31669
5592 7.29558
5851 7.27247
6030 7.25838
6372 7.23351
6831 7.22682
6933 7.21405
6968 7.21395
7002 7.21197
7213 7.20731
7503 7.1961
7958 7.19355
8235 7.18849
8646 7.18557
8688 7.18314
9342 7.18193
9804 7.18183
10139 7.18143
10237 7.18129
10535 7.18112
10945 7.18109
11103 7.18051
11370 7.18041
11644 7.18033
11699 7.18004
12209 7.17992
12739 7.17991
12982 7.17979
13043 7.17968
13166 7.17957
13229 7.17946
13291 7.17937
13354 7.17923
13480 7.17892
13543 7.17849
13995 7.17846
14127 7.17805
14194 7.17774
14394 7.17758
14462 7.17727
14529 7.17726
14598 7.17696
15012 7.17682
15153 7.17664
15366 7.17661
15728 7.17654
15801 7.17628
15875 7.17615
16476 7.1759
16706 7.17574
17336 7.17564
17660 7.17526
17741 7.17513
18750 7.17497
18836 7.17488
19098 7.17486
19452 7.17486
19631 7.17476
19812 7.1746
20646 7.1745
21219 7.17438
23455 7.17436
23562 7.17429
25679 7.17427
26029 7.17427
26146 7.17426
27107 7.17425
28482 7.17422
28610 7.17421
30057 7.17419
30192 7.17417
31433 7.17415
31574 7.17414
32000 7.17412
32143 7.1741
33015 7.17406
33162 7.17405
33609 7.17401
34365 7.17401
34519 7.174
34827 7.17399
35452 7.17395
35768 7.17394
36897 7.17394
37724 7.17392
38739 7.17389
38911 7.17388
39257 7.17388
40134 7.17387
40490 7.17387
41030 7.17381
41211 7.17379
43833 7.17376
44026 7.17374
45203 7.17372
45402 7.17369
46004 7.17367
46206 7.17364
47231 7.17361
48277 7.17357
48489 7.17354
49562 7.17354
49998 7.17351
50658 7.1735
51103 7.17347
51327 7.17345
52004 7.17345
52689 7.17339
52920 7.17333
54087 7.17333
54798 7.17325
55038 7.17322
55278 7.17319
55519 7.17312
56988 7.17304
57236 7.17297
58240 7.1729
58494 7.17282
59261 7.17279
59778 7.17273
60038 7.1727
60300 7.1727
61355 7.17255
61622 7.17246
62158 7.17243
62428 7.17229
64350 7.17219
64629 7.17208
66042 7.17204
66616 7.17185
66904 7.17178
67194 7.17162
67485 7.17137
69257 7.17123
69556 7.17109
70159 7.17106
70462 7.17105
70767 7.17085
71073 7.17064
71688 7.17041
71998 7.1699
73883 7.16944
74201 7.16907
75815 7.16902
76470 7.1687
76800 7.16854
78468 7.16813
81909 7.1677
83326 7.16758
83684 7.16751
85862 7.16746
86972 7.16717
87345 7.167
90384 7.16681
91550 7.16655
94731 7.16645
95951 7.16626
96361 7.16616
97601 7.16597
98018 7.16593
99279 7.16557
99703 7.16525
102718 7.16503
104481 7.16491
106725 7.16487
109479 7.16455
109945 7.16448
110882 7.16445
112302 7.16418
112780 7.16396
115196 7.16384
116670 7.16359
117662 7.16348
119672 7.16319
124842 7.16314
126435 7.16298
131332 7.16296
132445 7.16285
134132 7.16284
135839 7.16279
138148 7.16275
139905 7.16267
