 DIM = 10
1 1354.66
12 1305.34
13 1243.84
23 1229.06
24 1169.9
29 1164.67
30 1105.14
34 1102.83
35 1037.25
39 1015.94
40 928.722
47 922.144
48 858.878
52 854.592
53 797.033
56 796.696
58 743.131
73 707.723
75 679.773
90 672.736
92 645.557
102 638.716
103 624.214
108 609.206
110 581.268
114 579.448
115 545.32
130 530.306
132 525.848
143 525.274
157 510.009
181 508.666
188 498.465
197 491.855
199 485.583
203 482.51
206 477.951
215 471.946
217 468.325
227 448.466
229 432.314
265 430.569
273 419.947
275 416.124
312 411.779
320 408.279
326 403.394
329 400.829
348 400.342
360 388.917
363 380.692
396 375.902
400 374.33
403 367.207
406 361.396
417 359.766
420 357.712
431 348.01
434 342.424
502 334.353
621 328.31
626 323.531
693 321.785
698 316.463
728 314.544
733 310.844
744 310.022
749 305.914
770 302.17
775 296.989
792 293.963
797 288.523
808 287.01
814 281.659
825 280.863
831 279.555
837 277.04
848 272.078
854 269.325
860 267.426
877 266.408
889 263.582
901 263.204
944 257.167
1028 256.937
1062 254.087
1090 249.659
1097 247.769
1162 245.174
1184 244.924
1207 241.952
1253 239.634
1301 237.107
1309 236.067
1350 233.929
1358 231.439
1401 229.712
1409 226.278
1453 223.407
1461 222.333
1479 217.06
1488 212.314
1525 209.409
1534 205.87
1562 203.294
1571 200.209
1581 198.156
1590 193.779
1619 193.196
1638 190.936
1667 190.153
1697 178.72
1707 175.816
1779 173.695
1790 172.947
1811 172.029
1832 166.475
1843 166.282
1853 159.489
1864 155.183
1975 152.613
1998 150.31
2021 145.779
2056 142.752
2128 139.216
2177 135.287
2329 133.152
2356 131.543
2382 128.441
2491 124.354
2505 123.506
2575 123.492
2619 119.458
2677 117.75
2721 117.615
2752 115.976
2813 115.574
2843 115.347
2875 111.249
3002 109.995
3035 106.894
3052 106.265
3186 103.084
3291 101.242
3344 98.9199
3471 98.5604
3508 96.6719
3641 94.3512
3839 92.3744
3982 90.3226
4003 90.1268
4131 89.7929
4174 87.4178
4196 85.9701
4306 84.4877
4329 83.0794
4351 82.529
4374 80.7628
4465 77.6767
4489 74.4003
4582 72.2645
4606 69.7009
4726 66.5372
4775 65.6082
4849 65.06
4899 60.9486
4924 60.5577
4975 59.0102
5000 58.6415
5026 58.2474
5103 56.5362
5235 52.5523
5370 51.4755
5508 48.966
5620 48.5621
5706 47.6263
5970 45.8037
6030 44.1459
6061 43.5153
6403 41.1983
6435 41.0282
6631 40.666
6899 40.6465
7002 40.459
7249 39.9034
7614 39.7643
7690 38.747
8397 38.7093
8688 38.4689
8858 38.4111
9031 38.0425
9075 37.9012
9297 37.6169
9342 37.4605
9663 37.0727
9851 36.8394
9994 36.5693
10042 36.4681
10335 36.3839
10435 35.818
10485 35.7708
10687 35.4207
10841 35.0328
10893 34.8109
11050 34.371
11103 33.99
11263 33.9793
11479 33.6735
11589 32.9984
11644 32.8982
11699 32.7925
11867 32.4943
12151 32.2188
12267 31.5211
12325 31.4299
12383 31.1618
12442 31.0668
12620 30.9399
12739 30.8303
12860 29.8546
12921 29.2811
13166 29.2513
13354 28.9686
13480 27.9326
13543 27.4461
13735 27.0044
13865 26.1186
13930 25.8898
14061 25.6898
14127 25.5174
14394 24.9091
14598 24.1333
14804 23.7489
15153 23.2171
15801 22.8785
16098 22.8226
16399 22.0227
16784 21.9627
17098 21.6256
17823 21.3367
18664 21.032
19631 20.9861
19903 20.7276
20740 20.6123
21414 20.5185
22209 20.38
22515 20.1525
22618 20.0618
23455 19.9839
23562 19.9481
23885 19.923
24654 19.6952
26503 19.603
27229 19.5182
27599 19.507
28482 19.4182
28739 19.4117
29523 19.4083
29789 19.3399
30875 19.336
31574 19.3295
32868 19.3243
33015 19.299
34061 19.2987
34672 19.2794
34982 19.2747
36409 19.2577
38911 19.2407
40669 19.2289
