 DIM = 6
1 0.329089
2 0.315791
9 0.305509
11 0.288604
14 0.259806
15 0.245718
28 0.242361
36 0.230152
45 0.226041
51 0.224419
69 0.223731
75 0.223465
78 0.223018
79 0.219027
103 0.219017
105 0.21774
119 0.217601
173 0.217597
181 0.217582
186 0.217485
190 0.217431
203 0.217286
208 0.217226
220 0.217217
237 0.217213
254 0.217115
265 0.217108
267 0.217102
278 0.217038
281 0.217007
289 0.216968
292 0.21688
300 0.216857
303 0.216819
309 0.216686
312 0.216541
318 0.216518
320 0.216342
326 0.21618
329 0.215858
338 0.215725
341 0.215415
348 0.215271
351 0.214841
354 0.214755
357 0.214116
367 0.214114
370 0.213936
373 0.213913
380 0.2132
406 0.213078
410 0.212814
413 0.21259
417 0.211935
438 0.211819
442 0.211388
449 0.211007
464 0.210475
467 0.209596
494 0.209456
502 0.209279
506 0.208845
514 0.208005
518 0.207317
551 0.206994
581 0.20658
693 0.206367
759 0.206243
825 0.206185
831 0.206095
895 0.206082
901 0.206
913 0.205948
919 0.205809
938 0.205757
944 0.205575
957 0.20557
963 0.205515
970 0.205443
1028 0.205395
1118 0.20537
1133 0.205355
1140 0.205353
1155 0.205352
1162 0.205308
1169 0.205256
1184 0.205244
1192 0.205243
1199 0.205232
1214 0.205145
1479 0.205134
1506 0.205127
1515 0.205111
1648 0.205101
1658 0.205091
1707 0.20509
1717 0.205078
1738 0.205076
1748 0.205062
1769 0.205058
1779 0.205052
1790 0.205038
1800 0.20501
1832 0.204989
2104 0.204986
2116 0.204975
2140 0.204971
2189 0.204967
2239 0.204951
2252 0.204934
2329 0.204933
2356 0.204909
2369 0.204908
2505 0.204906
2752 0.204905
2843 0.204898
2859 0.204893
2986 0.204891
3002 0.204887
3102 0.204882
3118 0.204879
3152 0.204874
3169 0.204867
3238 0.204858
3256 0.204845
3308 0.204839
3326 0.204825
3362 0.204823
3380 0.204806
3398 0.204802
3416 0.204774
3453 0.204765
3471 0.204729
3490 0.204728
3508 0.204672
3546 0.204667
3565 0.204593
3603 0.204565
3622 0.204459
3661 0.20445
3680 0.204317
3719 0.204258
3739 0.204052
3778 0.20399
3798 0.203686
3839 0.203662
3859 0.203255
3900 0.203141
3941 0.202995
3982 0.202872
4174 0.202804
4262 0.202774
5103 0.202767
5592 0.202766
