 DIM = 3
1 1.69361e+09
3 4.8773e+08
5 4.51886e+07
18 4.33296e+07
20 3.8381e+07
22 3.83598e+07
24 3.76642e+07
27 3.69941e+07
29 3.57701e+07
34 3.42246e+07
42 3.39202e+07
44 3.31574e+07
45 3.23497e+07
48 3.16775e+07
49 3.05011e+07
51 2.9682e+07
52 2.76943e+07
55 2.51834e+07
56 2.25494e+07
58 2.14038e+07
59 1.80155e+07
62 1.21666e+07
63 7.02475e+06
66 6.03882e+06
69 779161
70 596906
72 79518.3
87 70688.8
94 52810.4
97 32491.9
100 31315.5
105 25128.7
108 21958.2
112 21379.7
115 20533.8
122 19727
126 19684.8
128 19458.1
133 19029.8
139 18961.8
147 18937.1
151 18928.3
155 18917.1
163 18909.8
167 18907.6
171 18905.9
175 18904.1
188 18903.5
192 18903.1
199 18902.4
206 18902.4
213 18901.8
215 18901.5
225 18901.3
227 18900.8
232 18899.8
234 18898.9
237 18898.6
239 18897.4
244 18894.7
247 18892
252 18890.2
254 18887.5
257 18883
260 18876.4
265 18870.8
267 18862.4
270 18859
273 18848.9
275 18841
278 18822.1
281 18820.3
284 18808.6
286 18795
289 18782.2
292 18766.6
306 18749.4
309 18735.8
312 18726.1
315 18711
318 18702.7
320 18692.9
323 18631.1
326 18568.3
332 18563.3
338 18421.8
341 18324.7
348 18256.2
351 18147.6
354 18118.3
367 17997.6
370 17952.2
406 17922.3
413 17894.3
417 17874.9
427 17860.4
431 17859.9
434 17853.1
442 17777.7
445 17730.3
460 17708.6
464 17662.2
471 17555.5
475 17473.2
483 17400
486 17303.8
490 17260.7
506 17135.9
510 17112.1
514 17016.9
518 16922.3
534 16720.3
551 16662.1
555 16639.9
559 16565.4
568 16431.8
572 16401.3
585 16238.5
590 16118.7
599 15989.6
626 15873
630 15792.4
640 15743.6
649 15549.5
663 15499.2
668 15423.9
683 15414.7
693 15269.5
703 15187.7
723 15186.2
733 15042.3
738 14972.7
744 14969.7
759 14860.2
781 14823.8
792 14701.8
831 14599.2
837 14529.5
854 14438.7
860 14401.2
871 14248.4
877 14155.7
901 13994.6
907 13888.6
932 13840.2
944 13655.1
982 13573.5
989 13540.7
995 13457
1022 13408
1028 13393.1
1049 13289.1
1055 13208.4
1062 13192.3
1076 13149.9
1090 12994.3
1097 12967.3
1111 12883.6
1140 12866.2
1147 12696
1230 12688.1
1245 12647.6
1253 12625.3
1261 12614.6
1269 12597
1277 12538.1
1285 12472.1
1309 12387.9
1333 12380.2
1350 12245.3
1358 12225.6
1383 12155.2
1392 12119
1426 11973.5
1435 11912
1461 11832.9
1470 11814.5
1525 11701.5
1534 11646.2
1571 11612.3
1581 11612.2
1590 11570.2
1609 11459.5
1619 11384
1667 11365.7
1687 11239.3
1728 11224.9
1738 11185.5
1748 11104.1
1758 11060.6
1769 11031.3
1790 10851.3
1800 10731.9
1853 10599.5
1908 10500.2
1919 10485.5
1975 10439.4
1987 10406.9
2021 10310.3
2033 10252.4
2068 10077.5
2128 10049
2140 10019.4
2165 9867.16
2189 9701.38
2202 9554.72
2303 9471.79
2369 9393.14
2382 9361.68
2396 9317.89
2463 9305.06
2519 9251.3
2590 9227.91
2604 9194.53
2662 9117.01
2677 9058.67
2721 8998.07
2736 8950.89
2752 8899.42
2767 8838.97
2843 8818.36
2890 8807.75
2922 8793.85
2938 8741.86
2954 8727.14
3002 8683.32
3019 8633.83
3068 8615.87
3085 8597
3102 8523.33
3118 8447.71
3169 8303.62
3186 8200.04
3256 8114.33
3273 7978.87
3326 7970.04
3398 7957.84
3434 7852.93
3490 7824.03
3508 7810.03
3546 7698.89
3565 7673.27
3584 7573.3
3603 7459.1
3798 7414.24
3818 7359.99
3879 7316.29
3900 7243.97
3920 7243.74
4003 7186.42
4024 7116.71
4109 7112.57
4152 7024.62
4174 6965.69
4284 6891.02
4306 6827.42
4374 6714.24
4397 6667.75
4489 6578.47
4512 6553.33
4678 6477.69
4702 6409.12
