 DIM = 9
1 0.028883
5 0.028163
9 0.027446
13 0.023572
21 0.020601
43 0.020359
45 0.018764
52 0.01828
58 0.016285
65 0.015787
75 0.015405
90 0.015049
94 0.014499
100 0.01345
114 0.013244
133 0.012788
161 0.012714
167 0.012649
171 0.012211
173 0.012149
188 0.012016
194 0.011583
197 0.011518
199 0.01132
201 0.011109
206 0.010887
208 0.010673
220 0.009659
222 0.008303
232 0.008075
234 0.006707
244 0.006696
249 0.00493
281 0.004797
286 0.004651
320 0.004579
332 0.004121
376 0.003746
380 0.00371
434 0.003514
438 0.003465
464 0.003342
534 0.003308
572 0.003269
581 0.003261
608 0.003259
635 0.003245
668 0.00324
673 0.003207
744 0.003193
754 0.003185
792 0.003167
797 0.003157
820 0.003145
825 0.003139
837 0.003134
842 0.003127
848 0.003118
854 0.003108
860 0.003105
865 0.003096
871 0.003095
883 0.003093
895 0.003079
907 0.003058
913 0.003054
919 0.003052
932 0.003017
938 0.003012
951 0.002999
963 0.002971
970 0.002951
995 0.002949
1009 0.002898
1015 0.002895
1035 0.002861
1069 0.002843
1083 0.002805
1111 0.00274
1118 0.002727
1169 0.002717
1184 0.002688
1261 0.002674
1301 0.002641
1342 0.00263
1383 0.002613
1401 0.00259
1479 0.00257
1552 0.00255
1590 0.002527
1600 0.002514
1687 0.002495
1728 0.002486
1832 0.002473
1875 0.002461
2033 0.002456
2056 0.002448
2068 0.002444
2140 0.002439
2189 0.00243
2202 0.002429
2252 0.002426
2329 0.002418
2369 0.002415
2396 0.002409
2409 0.002405
2491 0.002404
2519 0.002402
2547 0.002394
2561 0.002391
2590 0.002384
2604 0.002378
2648 0.002371
2662 0.002365
2707 0.002354
2721 0.002342
2752 0.002337
2767 0.002333
2782 0.002325
2797 0.002324
2828 0.002316
2859 0.002292
2875 0.002269
2906 0.002254
2922 0.002222
3002 0.002213
3035 0.002206
3135 0.002154
3152 0.002135
3238 0.002126
3256 0.002123
3326 0.00211
3362 0.002106
3398 0.002082
3434 0.002053
3508 0.002025
3527 0.002012
3565 0.002
3584 0.001997
3699 0.001925
3719 0.001866
3839 0.001858
3859 0.001847
3900 0.001794
3920 0.001733
4003 0.001693
4024 0.001665
4045 0.001593
4066 0.001473
4152 0.00146
4174 0.001389
4218 0.001312
4240 0.00118
4284 0.001178
4306 0.001086
4351 0.000984
4374 0.000937
4397 0.000841
4419 0.000773
4630 0.000659
4899 0.00048
4924 0.000458
5130 0.000386
5156 0.000363
5370 0.000276
5480 0.000251
5620 0.000248
5881 0.000247
5910 0.000194
6030 0.000159
6277 0.000144
6797 0.000128
7037 0.000127
7142 0.000121
7321 0.000119
7503 0.000118
7614 0.000111
8036 0.00011
8155 0.000105
8858 0.000102
9031 0.000101
9387 9.9e-05
10042 9.7e-05
10790 9.6e-05
