 DIM = 10
1 1356
12 1305.41
13 1242.66
23 1227.87
24 1169.88
29 1163.81
30 1104.08
34 1102.77
35 1036.93
39 1016.77
40 927.795
47 922.789
48 858.034
52 853.968
53 796.323
59 777.871
60 747.628
79 707.118
81 671.645
98 668.357
100 637.299
108 628.217
110 599.083
115 593.814
117 567.24
121 566.15
122 529.846
132 509.975
133 485.433
143 471.682
145 447.05
179 434.109
181 431.226
188 428.684
197 411.997
199 397.102
210 391.36
213 375.232
234 362.787
237 358.947
242 355.544
257 352.337
267 342.926
303 334.334
306 332.967
320 326.852
323 323.834
329 317.541
332 308.59
357 302.536
367 296.033
373 294.592
410 288.157
427 288.143
434 287.687
442 286.148
475 276.101
479 269.827
506 267.876
510 266.741
522 259.82
526 259.568
538 256.971
547 250.351
551 246.387
572 239.423
577 237.224
590 232.934
603 230.081
621 227.733
654 226.511
698 226.168
713 222.933
733 221.386
749 218.674
820 215.892
825 214.942
877 213.362
907 212.655
944 212.066
957 209.521
963 209.056
1002 206.065
1009 203.827
1133 202.641
1169 200.783
1184 200.041
1192 199.949
1214 199.343
1245 198.644
1293 197.202
1367 196.379
1444 195.107
1506 193.72
1562 193.284
1590 193.147
1677 192.576
1717 191.452
1728 190.967
1800 190.515
1811 189.438
1897 188.968
1919 187.464
1930 186.397
1975 185.94
1987 185.593
2010 183.932
2021 181.874
2056 181.821
2068 180.149
2080 179.753
2092 176.874
2152 175.474
2165 173.482
2189 171.587
2202 167.327
2227 167.185
2239 162.644
2303 157.555
2316 149.334
2382 148.166
2396 145.035
2436 138.682
2450 131.77
2505 128.059
2519 123.063
2590 122.062
2619 111.109
2633 99.6392
2797 97.7615
2813 91.3482
2843 87.6438
2859 76.3283
2922 73.1419
2938 64.1262
3002 58.8037
3019 51.6845
3052 49.7688
3068 42.2698
3118 38.6697
3135 36.6807
3169 34.8508
3204 31.3184
3256 30.9897
3291 30.1707
3326 29.4915
3508 29.322
3603 27.2333
3641 26.6013
3859 24.384
4152 24.3135
4351 23.7127
4726 23.5902
4824 23.4992
4924 23.3327
4975 23.3217
5262 23.2998
5315 23.2947
5343 23.1693
5620 23.1619
5764 23.1567
5793 23.1178
5851 23.0721
6153 23.0078
6277 22.9928
6435 22.9835
6598 22.9743
6764 22.8841
6797 22.8257
7213 22.8122
7249 22.801
7321 22.8002
7503 22.7781
7577 22.7122
7919 22.705
8036 22.6948
8115 22.6676
8155 22.6597
8356 22.6529
8438 22.6459
8520 22.6266
8646 22.5849
8688 22.5644
8815 22.5486
8858 22.5268
8944 22.4896
8988 22.4488
9163 22.4395
9208 22.4307
9297 22.4294
9433 22.3892
9663 22.3754
9946 22.364
10535 22.3343
11209 22.3325
11316 22.2977
11370 22.2863
11699 22.2849
11867 22.2713
12037 22.2495
12094 22.2412
12267 22.2158
12325 22.1927
12679 22.1631
12739 22.1375
13043 22.1336
13166 22.1321
13291 22.1002
13607 22.0719
13800 22.0693
13930 22.0542
14327 22.0522
14462 22.0394
14598 22.016
14666 22.0152
14804 21.9975
14942 21.9742
15012 21.9674
15153 21.9516
15224 21.9459
15366 21.9146
15438 21.9041
15582 21.8803
15728 21.8736
15875 21.8735
16023 21.8634
16173 21.8096
16248 21.798
16399 21.7952
16552 21.7011
16629 21.6116
17417 21.5913
17497 21.5658
17660 21.5646
17823 21.5431
17989 21.5392
18155 21.514
18323 21.455
18578 21.411
19274 21.3686
19452 21.36
20271 21.3009
20364 21.2969
20740 21.2853
21610 21.2633
22413 21.249
22618 21.217
23885 21.1957
23993 21.1953
25218 21.1813
25447 21.1773
25911 21.168
26146 21.1569
26623 21.136
26743 21.1259
27724 21.1221
28100 21.1161
28610 21.1157
28868 21.1026
29128 21.0838
29259 21.0836
30057 21.0627
30192 21.046
31715 21.0436
32000 21.0072
32143 20.974
33609 20.9702
33909 20.9472
34061 20.9411
34213 20.9254
34365 20.9136
34827 20.9104
35138 20.9081
35452 20.8776
35610 20.8622
35768 20.8363
35927 20.7853
36409 20.7707
36571 20.7184
37391 20.6864
37557 20.6617
37724 20.6345
37891 20.6044
38228 20.5503
38398 20.4875
39257 20.4371
39605 20.4354
40134 20.4169
40849 20.3094
41030 20.2519
41576 20.2221
41760 20.1599
43068 20.0827
43258 20.0459
43449 19.9897
43640 19.9185
43833 19.8286
44026 19.6144
45602 19.5723
46004 19.4869
46206 19.4357
46819 19.3629
47231 19.2389
47439 19.1323
48066 18.9972
48277 18.7972
50880 18.7892
51777 18.6022
52004 18.5774
54798 18.5347
55519 18.5157
56741 18.5156
57236 18.4801
57988 18.4612
59005 18.4583
61355 18.4529
62428 18.4337
62699 18.4214
64629 18.4205
64909 18.4174
65474 18.3888
68661 18.3852
69556 18.3824
70462 18.3811
71380 18.3804
72309 18.3791
72934 18.3775
73249 18.3556
79485 18.3542
83326 18.3506
84043 18.345
84404 18.3431
91942 18.3399
93526 18.3347
93926 18.333
100555 18.3287
100984 18.3258
102282 18.3249
102718 18.3229
106725 18.3208
107635 18.3148
108094 18.313
110882 18.3128
111827 18.3104
113740 18.3085
115685 18.3061
120689 18.3049
126970 18.3026
129133 18.3023
132445 18.2994
133005 18.2984
140495 18.2981
142281 18.2967
143484 18.2964
145919 18.2949
146534 18.2946
147771 18.2941
149019 18.2938
152183 18.2935
154112 18.2932
156066 18.2926
157381 18.2924
158707 18.2919
161392 18.2908
164810 18.2895
166895 18.2892
179200 18.2888
180704 18.2872
181460 18.2867
189199 18.2863
193187 18.2861
198908 18.2854
201410 18.2852
209101 18.2852
214386 18.2849
216177 18.2847
219801 18.2842
233927 18.2841
235876 18.284
239821 18.284
244843 18.2838
247905 18.2838
253092 18.2838
257317 18.2837
267076 18.2837
270409 18.2837
271529 18.2835
287688 18.2834
298568 18.2834
309847 18.2834
313699 18.2833
325535 18.2833
335042 18.2833
337807 18.2833
341997 18.2833
347663 18.2833
365214 18.2832
382061 18.2832
383630 18.2832
389967 18.2832
394787 18.2832
396407 18.2832
402951 18.2832
404603 18.2832
407927 18.2832
411278 18.2831
412964 18.2831
421494 18.2831
423221 18.2831
428442 18.283
431957 18.283
439073 18.283
444485 18.283
446304 18.283
449963 18.2829
451803 18.2829
463001 18.2829
468701 18.2829
472539 18.2829
478354 18.2828
482269 18.2828
484238 18.2828
498246 18.2828
500279 18.2827
