 DIM = 10
1 50.499
2 50.274
3 50.249
12 50.0039
13 49.7564
24 49.7191
26 49.4542
32 49.4043
33 49.0884
38 49.0359
39 48.6501
44 48.5435
45 48.0383
51 47.9572
52 47.3449
58 47.1923
59 46.4157
65 46.2874
66 45.3662
70 45.2766
72 44.0728
76 43.8713
78 42.1345
84 41.8395
86 39.5516
92 39.3955
94 36.6571
100 35.9147
102 32.2789
108 31.5212
110 26.4014
117 25.3062
119 18.1605
126 16.7408
128 8.26935
157 7.16538
181 6.02653
210 6.01588
215 5.98049
247 5.94664
551 5.94507
608 5.94499
612 5.90723
775 5.89932
842 5.88524
848 5.83882
976 5.82688
982 5.77341
1097 5.75303
1184 5.73169
1192 5.73079
1222 5.72854
1238 5.7119
1261 5.70045
1285 5.6705
1409 5.64131
1418 5.55344
1600 5.50364
1609 5.36875
1908 5.3581
1919 5.31031
1930 5.28915
1987 5.24124
2092 5.19352
2116 5.16514
2140 5.12742
2152 5.06175
2165 4.87294
2505 4.78255
2519 4.64633
2970 4.60366
3291 4.54168
3584 4.53586
3661 4.52835
4849 4.52728
4949 4.50747
4975 4.50587
5508 4.50366
5822 4.50243
5881 4.4977
6340 4.49138
6372 4.4692
6899 4.46841
6933 4.46606
6968 4.44393
7037 4.43614
7430 4.43299
7466 4.38455
8195 4.36993
8235 4.31152
9031 4.31031
9075 4.25394
9804 4.233
9851 4.21961
9898 4.12507
10841 4.07023
10893 3.99941
11534 3.99693
11644 3.99223
12209 3.99087
14061 3.98679
14942 3.97743
15012 3.96634
16862 3.95991
17098 3.95779
19363 3.94734
19541 3.94576
20646 3.94399
21908 3.93938
22515 3.92346
24991 3.91288
27849 3.91011
28227 3.89837
29923 3.89751
31014 3.89686
31857 3.89564
34519 3.89525
36409 3.88961
40490 3.88851
41944 3.88815
43068 3.88773
43449 3.88206
43833 3.88156
52920 3.87603
57988 3.87555
71073 3.87509
71380 3.87342
72309 3.87313
74201 3.87132
79827 3.86985
89233 3.86871
91942 3.86871
93926 3.86741
102282 3.86699
102718 3.86532
121201 3.86526
125902 3.86443
126435 3.86251
134132 3.86177
144089 3.86163
145306 3.8608
149019 3.8607
151545 3.85925
154112 3.85769
164810 3.85736
169714 3.85579
170426 3.85191
181460 3.8516
182220 3.8479
195619 3.84706
196436 3.84191
209101 3.83998
209973 3.83113
229123 3.82864
230076 3.81925
242822 3.81882
243830 3.80646
262695 3.80511
263784 3.80283
264877 3.78909
279495 3.78883
280651 3.76967
301039 3.76576
302282 3.74218
321542 3.74143
322868 3.71087
343405 3.7086
344818 3.66836
369736 3.65555
388373 3.64629
407927 3.63881
430196 3.63171
431957 3.62193
