 DIM = 9
1 1124.05
22 1123.2
23 1119.05
28 1114.64
29 1106.43
35 1102.57
36 1092.89
42 1088.89
43 1075.83
48 1074.23
49 1060.39
53 1055.45
55 1035.62
60 1028.87
62 1004.7
66 1004.57
67 980.475
70 975.364
72 936.938
78 928.121
79 888.654
86 882.715
87 847.489
92 836.201
94 803.008
98 798.236
100 771.673
112 769.805
114 769.352
119 759.588
121 743.471
128 729.477
130 701.295
139 679.335
141 632.683
151 627.566
153 595.878
159 585.744
161 546.581
165 530.293
167 475.442
181 459.307
186 458.343
190 432.217
199 425.642
201 424.686
213 418.723
227 411.628
234 400.232
242 395.385
249 381.105
252 374.458
260 373.253
262 366.023
267 355.283
270 343.065
278 329.867
281 323.01
284 314.83
286 306.154
292 291.962
297 275.695
300 271.081
312 239.47
315 239.119
320 232.889
354 227.164
410 220.466
424 216.592
449 216.277
456 210.373
475 207.155
510 202.918
522 201.01
572 198.819
630 198.382
635 198.33
649 195.604
718 195.567
744 194.592
770 193.104
775 192.172
820 191.619
825 191.144
842 190.745
848 190.496
854 190.16
860 190.097
865 187.836
871 185.485
913 182.964
919 181.691
938 180.255
944 179.222
957 176.057
963 172.07
982 172.001
989 168.874
1015 168.869
1035 165.233
1055 160.592
1062 159.294
1090 158.368
1097 158.017
1111 157.92
1155 156.773
1184 156.5
1192 154.169
1230 153.926
1293 151.119
1301 149.659
1367 148.239
1375 147.319
1383 146.27
1392 144.351
1418 143.296
1426 142.077
1444 141.585
1461 140.794
1479 138.867
1497 135.399
1506 131.539
1562 129.516
1571 126.303
1600 126.207
1628 123.226
1667 120.961
1687 120.663
1717 118.13
1758 116.809
1779 116.576
1800 115.485
1843 114.845
1875 114.349
1919 113.142
1964 111.425
2092 111.237
2128 111.131
2177 110.518
2202 110.391
2239 110.242
2265 110.108
2290 109.886
2329 109.745
2369 109.615
2396 109.565
2436 109.312
2505 108.805
2533 108.503
2692 108.364
2797 108.336
2828 108.245
2859 107.713
2875 107.569
3035 107.536
3068 107.094
3085 106.889
3256 106.851
3434 106.663
3508 106.57
3719 106.392
3798 106.295
3961 106.234
3982 106.216
4024 106.132
4066 106.101
4152 106.015
4196 105.887
4218 105.701
4240 105.566
4262 105.443
4329 105.435
4351 105.424
4397 105.308
4419 105.044
4489 104.77
4512 104.484
4678 104.469
4775 104.394
4824 104.204
4874 103.943
4899 103.706
5103 103.434
5130 103.07
5262 102.955
5315 102.89
5343 102.742
5424 102.537
5480 102.245
5508 101.773
5649 101.525
5677 101.239
5706 101.172
5735 100.894
5851 100.358
5881 99.9501
5940 99.4784
5970 98.9819
6091 98.7177
6122 98.3603
6246 97.6687
6277 97.5232
6308 97.3379
6435 96.0997
6664 95.576
6697 94.5762
6968 94.5614
7037 93.7504
7142 93.4496
7249 92.6709
7357 92.0443
7393 91.4608
7540 90.9368
7727 89.1999
7765 87.9048
8195 86.4212
8235 85.4415
8316 85.2389
8356 84.0347
8438 83.5225
8479 82.5118
8688 80.08
8730 78.239
9208 76.6579
9252 76.1308
9297 75.1871
9342 75.052
9387 73.2805
9433 72.2881
9617 70.5612
9663 70.4459
9804 68.2618
10139 66.5859
10335 65.7729
10636 63.6956
10893 62.4043
10945 62.0248
11263 61.1058
11534 58.4104
11589 56.335
12151 55.7014
12325 54.3271
12620 52.6063
13105 52.3012
13543 51.5597
13800 50.8852
14194 50.2362
15082 49.6878
15366 49.6479
15510 49.2594
15949 48.784
16023 48.4492
16706 48.1696
16784 47.857
17177 47.818
17336 47.7437
17660 47.5172
17823 47.0098
18750 46.4062
18836 46.2065
19452 45.6583
19541 45.3058
19721 45.1085
19812 44.6767
20364 44.2973
20551 43.3466
20646 42.5434
21512 42.2947
21808 42.1969
22008 41.157
22109 40.7266
22721 40.6486
23033 39.8725
23349 39.223
23455 39.0832
24212 38.6479
24322 38.6123
24432 38.4553
24766 38.3989
24991 37.8294
25447 37.8068
25911 37.6034
26146 37.5532
26743 36.765
28100 36.7236
28739 36.3931
29923 36.1263
32576 36.1163
33015 36.0383
36248 36.0245
37891 36.0178
39781 36.0012
