 DIM = 9
1 22.4125
8 22.2988
9 21.9046
14 21.8943
15 21.7506
16 21.6469
18 21.3524
22 21.289
23 20.8969
28 20.8668
29 20.439
32 20.4289
33 19.8285
36 19.7074
38 19.1812
40 19.1151
42 18.5173
47 18.0252
48 16.9439
59 16.7656
60 16.2743
65 15.9745
66 15.1745
70 14.9583
72 14.4723
73 14.4353
75 14.0339
76 13.2361
78 12.0688
94 12.0196
102 11.9995
105 11.2139
117 10.7814
119 10.7252
121 10.5084
126 9.95805
128 9.65422
132 9.18076
137 8.83891
143 7.86569
145 7.63485
149 6.92673
159 6.02936
161 5.15801
175 4.96405
181 4.75117
203 4.68727
222 4.41936
229 4.27606
270 4.26579
295 4.11501
332 4.01313
351 3.9441
393 3.91424
396 3.9127
410 3.8631
413 3.81589
431 3.79361
434 3.774
449 3.75157
452 3.68953
464 3.68552
467 3.58619
486 3.55838
490 3.4681
534 3.44364
538 3.32912
577 3.24716
581 3.15398
599 3.13746
603 3.0514
626 3.03251
635 2.98761
649 2.96003
659 2.93135
693 2.89068
733 2.87501
744 2.87343
770 2.8722
781 2.86744
842 2.86638
889 2.86121
913 2.85354
1015 2.84941
1028 2.84335
1214 2.84259
1222 2.83858
1230 2.83848
1301 2.83692
1325 2.83584
1342 2.83126
1350 2.82829
1453 2.82666
1479 2.82587
1515 2.82515
1534 2.81957
1707 2.81537
1717 2.8136
1853 2.81302
1875 2.81256
1886 2.80929
1930 2.80853
1941 2.80688
1964 2.80481
1975 2.799
2033 2.79865
2045 2.79371
2080 2.79176
2092 2.78302
2128 2.78298
2140 2.77609
2165 2.77435
2177 2.76397
2202 2.76312
2214 2.74713
2252 2.74566
2265 2.72775
2303 2.71626
2316 2.68714
2356 2.68484
2369 2.64836
2409 2.64616
2423 2.60004
2463 2.5898
2477 2.52142
2533 2.50837
2547 2.42629
2590 2.41338
2604 2.34651
2648 2.33572
2677 2.29017
2692 2.27184
3068 2.2698
3085 2.24705
3135 2.24385
3152 2.24115
3169 2.23048
3186 2.22095
3221 2.20294
3238 2.17265
3291 2.16372
3308 2.129
3326 2.12292
3344 2.07064
3453 2.00165
3471 1.89442
3603 1.87561
3622 1.77314
3699 1.76694
3719 1.65513
3798 1.57298
3818 1.5145
3920 1.50892
4045 1.50443
4284 1.47402
4630 1.45075
5424 1.44929
5480 1.44321
5620 1.43601
5649 1.43339
5735 1.4318
5764 1.4273
5851 1.41996
5881 1.41664
6000 1.40444
6030 1.39619
6061 1.39332
6091 1.37466
6246 1.36422
6277 1.33462
6372 1.33186
6500 1.31603
6532 1.28904
6598 1.28575
6631 1.25076
6730 1.24446
6764 1.2009
6865 1.17603
6899 1.11275
7037 1.09598
7072 1.07023
7107 1.04982
7142 1.0002
7178 0.992473
7213 0.915346
7357 0.913217
7393 0.903007
7430 0.863666
7466 0.841184
7503 0.766163
7540 0.731341
7652 0.722044
7958 0.626001
7997 0.581141
8562 0.579611
8988 0.565749
9387 0.556822
10237 0.555277
10535 0.555031
10893 0.552752
11103 0.552483
11644 0.551241
12209 0.550215
12739 0.549979
13417 0.549719
14394 0.549558
15582 0.54934
16629 0.549264
16862 0.549138
16940 0.549012
19541 0.54901
19812 0.548969
20179 0.548936
20551 0.548913
22928 0.548872
23993 0.548868
25218 0.548857
26623 0.548854
28227 0.548847
28354 0.548846
30875 0.548845
32431 0.548844
33909 0.548842
34827 0.548841
36087 0.54884
36248 0.548838
38228 0.548837
38568 0.548836
41576 0.548834
