 DIM = 5
1 5.83904e+06
9 5.83804e+06
10 5.80597e+06
11 5.80508e+06
12 5.75851e+06
13 5.75449e+06
14 5.68453e+06
16 5.66626e+06
18 5.5727e+06
20 5.51446e+06
21 5.36873e+06
23 5.33133e+06
24 5.1412e+06
26 5.14049e+06
27 4.86775e+06
29 4.72761e+06
30 4.30297e+06
33 4.1211e+06
34 3.89237e+06
35 3.69255e+06
36 3.60646e+06
51 3.56279e+06
52 3.39765e+06
59 3.34111e+06
60 3.32015e+06
62 3.16233e+06
65 3.07192e+06
66 2.97929e+06
89 2.95334e+06
90 2.91682e+06
117 2.89913e+06
147 2.89643e+06
159 2.89515e+06
167 2.8934e+06
173 2.89115e+06
175 2.88958e+06
181 2.88691e+06
184 2.88603e+06
201 2.88487e+06
208 2.87876e+06
210 2.87372e+06
225 2.86963e+06
227 2.86445e+06
229 2.86428e+06
232 2.85604e+06
239 2.84874e+06
242 2.83604e+06
244 2.8344e+06
247 2.8147e+06
254 2.80295e+06
257 2.78148e+06
260 2.77237e+06
262 2.73507e+06
278 2.72825e+06
315 2.72698e+06
326 2.72379e+06
329 2.71968e+06
345 2.71719e+06
348 2.71513e+06
354 2.71025e+06
357 2.70205e+06
373 2.70106e+06
376 2.6931e+06
383 2.69242e+06
386 2.68131e+06
389 2.6795e+06
393 2.66214e+06
400 2.66032e+06
403 2.63882e+06
424 2.63863e+06
471 2.62977e+06
475 2.62513e+06
514 2.62141e+06
522 2.61703e+06
526 2.61345e+06
572 2.61133e+06
599 2.61014e+06
617 2.60571e+06
621 2.60355e+06
754 2.6033e+06
786 2.60313e+06
825 2.603e+06
837 2.60286e+06
842 2.60258e+06
1147 2.60257e+06
1155 2.60257e+06
1192 2.60256e+06
1230 2.60255e+06
1325 2.60254e+06
1342 2.60254e+06
1392 2.60254e+06
1401 2.60253e+06
1418 2.60253e+06
1435 2.60252e+06
1444 2.60251e+06
1453 2.60251e+06
1461 2.6025e+06
1479 2.6025e+06
1488 2.60249e+06
1497 2.60248e+06
1506 2.60247e+06
1515 2.60245e+06
1525 2.60241e+06
1552 2.6024e+06
1562 2.60236e+06
1571 2.60234e+06
1581 2.60226e+06
1609 2.60221e+06
1619 2.6021e+06
1638 2.60206e+06
1648 2.6019e+06
1667 2.60187e+06
1677 2.60166e+06
1687 2.60164e+06
1697 2.60133e+06
1717 2.60124e+06
1728 2.60081e+06
1748 2.60057e+06
1758 2.59991e+06
1779 2.59973e+06
1790 2.59886e+06
1811 2.59854e+06
1821 2.59735e+06
1832 2.59724e+06
1843 2.59545e+06
1864 2.59475e+06
1875 2.59214e+06
1897 2.59074e+06
1908 2.58662e+06
1930 2.58597e+06
1941 2.58092e+06
1953 2.5808e+06
1964 2.57356e+06
1987 2.56982e+06
1998 2.55875e+06
2021 2.55385e+06
2033 2.53757e+06
2056 2.53429e+06
2068 2.51385e+06
2080 2.51239e+06
2092 2.4815e+06
2116 2.46751e+06
2128 2.42129e+06
2152 2.3991e+06
2165 2.32993e+06
2189 2.31638e+06
2290 2.30602e+06
2396 2.30458e+06
2423 2.30055e+06
2707 2.30046e+06
3068 2.30032e+06
3661 2.30032e+06
3778 2.30032e+06
3879 2.30031e+06
4174 2.30031e+06
4196 2.30031e+06
4218 2.30031e+06
4240 2.3003e+06
4306 2.3003e+06
4329 2.30029e+06
4397 2.30029e+06
4419 2.30028e+06
4465 2.30027e+06
4489 2.30026e+06
4535 2.30026e+06
4559 2.30024e+06
4582 2.30023e+06
4606 2.30021e+06
4654 2.30019e+06
4678 2.30015e+06
4726 2.30014e+06
4750 2.30009e+06
4775 2.30009e+06
4800 2.30001e+06
4849 2.29997e+06
4874 2.29985e+06
4924 2.2998e+06
4949 2.29962e+06
5000 2.29959e+06
5026 2.29937e+06
5052 2.29935e+06
5077 2.29902e+06
5130 2.29887e+06
5156 2.29838e+06
5208 2.29815e+06
5235 2.29741e+06
5289 2.29727e+06
5315 2.29635e+06
5343 2.2963e+06
5370 2.29494e+06
5424 2.29428e+06
5452 2.29223e+06
6061 2.29218e+06
6122 2.2921e+06
6372 2.2921e+06
6435 2.29208e+06
6500 2.29206e+06
6631 2.29206e+06
6697 2.29204e+06
6764 2.29204e+06
6831 2.29204e+06
6899 2.29203e+06
6968 2.29203e+06
7037 2.29203e+06
7107 2.29202e+06
7249 2.29202e+06
7321 2.29201e+06
7393 2.29201e+06
7540 2.29201e+06
7690 2.29201e+06
7842 2.29201e+06
7919 2.29201e+06
7997 2.292e+06
8155 2.292e+06
8235 2.292e+06
8316 2.292e+06
8397 2.292e+06
8479 2.292e+06
8562 2.292e+06
8646 2.292e+06
8815 2.292e+06
8901 2.292e+06
8988 2.292e+06
9075 2.292e+06
9163 2.292e+06
9342 2.292e+06
9524 2.292e+06
9617 2.292e+06
9710 2.292e+06
9804 2.292e+06
9898 2.292e+06
10090 2.292e+06
10188 2.292e+06
10286 2.292e+06
10385 2.292e+06
10485 2.292e+06
10585 2.292e+06
10687 2.292e+06
10893 2.292e+06
11103 2.292e+06
11316 2.292e+06
11425 2.292e+06
11534 2.292e+06
11644 2.292e+06
11755 2.292e+06
11867 2.292e+06
11980 2.292e+06
12209 2.292e+06
12442 2.292e+06
12679 2.292e+06
12800 2.292e+06
12982 2.292e+06
13800 2.292e+06
16784 2.292e+06
