 DIM = 11
1 199.685
8 195.815
13 178.974
14 159.927
29 157.438
30 142.719
35 138.762
36 120.323
43 118.19
44 100.133
48 99.7667
49 79.2629
53 78.6248
55 55.9543
62 49.8233
63 31.6943
70 29.7818
72 23.8176
151 23.8
165 23.7968
169 23.7823
173 23.7783
177 23.7741
190 23.766
194 23.7588
197 23.7362
242 23.7202
244 23.7125
267 23.7037
273 23.6903
275 23.6762
289 23.6567
292 23.6301
312 23.5951
315 23.542
332 23.5409
335 23.4742
357 23.4312
360 23.3312
380 23.3047
383 23.1748
403 23.0956
406 22.8921
424 22.8749
427 22.5963
442 22.5816
445 22.1837
464 22.0578
471 21.8628
479 21.7773
490 21.5355
518 21.5221
621 21.5194
640 21.4578
865 21.4539
963 21.448
976 21.4375
982 21.3978
1090 21.3972
1097 21.3701
1118 21.3563
1126 21.3065
1162 21.2988
1169 21.2493
1192 21.2451
1207 21.2432
1214 21.2119
1222 21.1899
1230 21.0969
1269 21.0509
1277 20.9081
1317 20.8804
1325 20.744
1350 20.7401
1358 20.5323
1383 20.4759
1392 20.117
1435 20.095
1444 19.7079
1470 19.6872
1479 19.0601
1525 18.7998
1534 17.7437
1571 17.5667
1581 16.3769
1619 15.606
1628 12.7038
1667 11.8058
1832 10.0577
1843 6.20489
2177 6.18252
2189 4.30204
2290 4.03975
2356 2.53064
2436 1.98836
2491 1.81352
3490 1.81006
3527 1.80561
3603 1.80421
3661 1.80055
3699 1.79827
3859 1.79607
4045 1.79425
4131 1.79283
4240 1.79181
4397 1.79163
4535 1.79144
4582 1.79095
4654 1.79067
4750 1.79046
4800 1.79039
4899 1.79033
4949 1.7903
5000 1.79026
5052 1.79022
5103 1.7902
5156 1.79012
5208 1.79001
5289 1.78999
5343 1.78997
5397 1.78995
5508 1.78994
5564 1.78992
5620 1.78991
5677 1.78989
5851 1.78988
5910 1.78986
5970 1.78986
6030 1.78985
6091 1.78984
6372 1.78984
6500 1.78983
6565 1.78983
6697 1.78982
6764 1.78982
6831 1.78982
6968 1.78982
7107 1.78982
7321 1.78982
7503 1.78982
7727 1.78981
7880 1.78981
