 DIM = 5
1 16.1741
2 15.8639
3 15.6634
7 15.0798
8 13.9185
10 13.6335
11 12.1976
13 11.8892
14 10.2459
15 9.99907
16 7.75285
19 7.23224
20 4.98677
22 3.85276
23 1.87497
26 1.65088
27 1.05339
28 0.852777
51 0.823041
52 0.80353
53 0.790766
55 0.758043
58 0.699883
59 0.631055
60 0.611501
62 0.579502
79 0.577689
84 0.570868
87 0.567805
90 0.564708
94 0.559705
98 0.55444
103 0.554204
107 0.546363
112 0.539355
114 0.538293
119 0.533279
121 0.529652
128 0.518084
130 0.513623
132 0.50761
133 0.498258
139 0.486102
141 0.471426
143 0.468725
145 0.453306
155 0.449388
159 0.445564
186 0.445041
190 0.444292
192 0.44416
201 0.444029
208 0.443889
210 0.443151
227 0.441988
229 0.44137
242 0.441267
244 0.441098
247 0.439999
249 0.43894
257 0.437855
260 0.436555
265 0.436073
267 0.435556
270 0.433019
273 0.430528
278 0.426591
281 0.420066
286 0.419291
289 0.412325
295 0.408337
297 0.398003
300 0.396732
303 0.38267
306 0.378149
309 0.351828
315 0.34646
318 0.333419
329 0.319033
341 0.309585
373 0.296665
376 0.294205
383 0.278303
386 0.266495
396 0.266217
410 0.263879
413 0.232127
417 0.21021
434 0.198326
438 0.189431
442 0.184892
445 0.183556
464 0.183128
486 0.164733
506 0.159781
518 0.156358
534 0.153904
543 0.149282
547 0.145101
551 0.145042
555 0.144613
559 0.134127
564 0.128872
568 0.12323
572 0.112678
581 0.10179
585 0.087599
594 0.07821
599 0.073927
603 0.072478
612 0.041655
626 0.037645
654 0.032657
663 0.030875
688 0.02746
698 0.023721
708 0.021892
759 0.019681
765 0.018625
848 0.01822
854 0.017816
877 0.017599
907 0.017128
919 0.017011
963 0.016493
970 0.016398
1002 0.016354
1015 0.016277
1035 0.016222
1055 0.016043
1090 0.016017
1118 0.015809
1207 0.015684
1214 0.015624
1253 0.015612
1261 0.01557
1269 0.015478
1277 0.015341
1309 0.015275
1317 0.015175
1333 0.015061
1342 0.014851
1367 0.014767
1375 0.014681
1383 0.014495
1392 0.014256
1401 0.014081
1409 0.013573
1444 0.0131
1453 0.012488
1488 0.011713
1497 0.011013
1525 0.010836
1534 0.010408
1552 0.009624
1562 0.009316
1609 0.008792
1619 0.008475
1648 0.007337
1667 0.006702
1677 0.00595
1717 0.005713
1738 0.004975
1769 0.004166
1800 0.003829
1821 0.002912
1832 0.00204
1864 0.001628
1875 0.001557
1886 0.001082
1987 0.000933
1998 0.000176
2128 0.000157
2214 0.000126
2239 0.000105
2265 0.000102
2290 7e-05
2423 6.7e-05
2491 6.4e-05
2519 6.3e-05
2547 6.2e-05
2575 5.8e-05
2677 5.6e-05
2736 5.5e-05
