 DIM = 3
1 99.1512
3 99.1075
5 93.694
6 88.252
8 86.9973
9 80.9275
10 74.9149
11 62.8228
12 62.8137
13 48.3009
14 39.8079
15 15.619
16 3.78195
33 3.26801
35 1.9492
43 1.79712
53 1.78598
62 1.77265
67 1.76418
86 1.7635
95 1.76338
103 1.76311
119 1.7631
121 1.76307
126 1.76302
128 1.76292
130 1.76288
132 1.76272
133 1.7627
135 1.76249
137 1.76235
139 1.76199
141 1.76189
143 1.76138
145 1.76119
147 1.76043
149 1.76005
151 1.75884
153 1.75845
155 1.7567
157 1.75596
159 1.75331
161 1.75219
163 1.74818
165 1.74677
167 1.74103
169 1.73863
171 1.73025
173 1.72696
175 1.71513
177 1.71092
179 1.69526
181 1.68905
184 1.66891
186 1.66181
188 1.66091
199 1.65748
208 1.65621
213 1.6528
222 1.6514
232 1.65057
237 1.65012
247 1.64961
257 1.6494
262 1.64927
267 1.64916
275 1.64903
284 1.64896
289 1.64893
295 1.64891
300 1.64883
312 1.64879
323 1.64878
329 1.64877
335 1.64877
341 1.64875
348 1.64875
354 1.64874
367 1.64874
386 1.64874
406 1.64874
427 1.64873
452 1.64873
