 DIM = 12
1 2.05759e+07
22 2.05754e+07
23 2.04163e+07
28 2.03299e+07
29 2.00733e+07
38 2.00238e+07
39 1.97145e+07
45 1.96618e+07
47 1.92559e+07
53 1.92313e+07
55 1.88382e+07
60 1.88055e+07
62 1.82992e+07
69 1.81434e+07
70 1.75272e+07
76 1.7504e+07
78 1.67625e+07
86 1.66519e+07
87 1.57821e+07
92 1.57499e+07
94 1.45568e+07
103 1.44182e+07
105 1.32024e+07
110 1.32002e+07
112 1.16762e+07
122 1.13303e+07
124 9.74042e+06
132 9.61648e+06
133 7.88283e+06
143 7.7307e+06
145 6.05427e+06
151 5.99974e+06
153 4.15292e+06
165 3.89543e+06
167 2.45486e+06
175 2.35547e+06
177 1.23793e+06
188 1.0741e+06
190 514000
201 494846
206 476945
360 466549
363 458742
376 449738
380 437357
406 428566
410 404312
438 398621
442 370666
464 363898
467 338808
479 337554
483 301724
498 300532
502 262401
522 246619
526 199010
551 194485
555 153663
577 143814
581 105252
603 101828
608 75087.8
617 72957.7
621 42362.6
640 41597.4
644 21957.5
668 18637.5
673 6990.24
703 4970.77
932 4890.73
963 4682.78
982 4498.55
1028 4457.29
1097 4335.55
1111 4295.49
1155 4142.45
1184 4095.27
1214 4023.17
1245 3767.57
1253 3619.3
1301 3559.7
1309 3513.05
1325 3359.79
1333 3196.81
1401 2793.95
1409 2556.91
1435 2432.73
1444 1985.81
1515 1701.41
1525 1403.71
1543 1305.7
1552 1024.86
1571 986.874
1581 678.677
1628 539.964
1687 297.811
1697 271.51
1843 268.595
1864 232.202
1953 215.416
2177 210.844
2227 201.325
2343 196.225
2423 186.185
2436 181.952
2648 178.846
2752 174.672
2906 173.316
3434 173.282
3453 172.607
3565 172.061
3661 171.731
3900 171.19
3920 170.76
4088 170.395
4218 170.087
4240 169.317
4306 169.142
4329 167.848
4606 167.646
4630 167.101
4654 166.59
4678 165.481
4775 165.413
4800 164.325
4874 164.052
4899 162.266
5000 161.85
5026 159.425
5156 158.411
5208 157.763
5235 156.919
5370 155.712
5424 152.698
5452 150.251
5706 148.506
5735 144.715
5910 141.968
5940 136.907
6277 135.346
6308 134.818
6372 129.686
6403 126.278
6500 125.279
6532 119.747
6764 117.431
6797 111.69
7958 110.109
8115 107.457
8155 104.426
8604 100.639
8688 100.595
8858 95.6345
8901 91.3456
9663 90.6675
9710 89.0533
9756 87.6823
9804 85.238
9946 84.7544
10090 83.3595
10237 80.1995
10335 77.97
10385 75.6408
10841 73.4963
12442 72.1817
12501 71.6398
13291 71.0659
13354 70.1515
13671 69.555
13735 67.6982
14529 66.8298
14598 65.5726
14873 65.2185
14942 64.2316
15153 63.5176
15224 61.6865
15510 61.31
15582 59.0363
15801 58.7123
15875 56.2197
16098 55.5201
16173 51.6908
16784 48.8892
16862 44.9844
17417 44.5069
17497 43.3596
17741 42.5823
17906 42.257
18072 41.4827
18239 41.1386
19452 41.095
19631 40.987
20458 40.9681
20646 40.8087
21219 40.791
21414 40.7781
21610 40.7605
21808 40.7196
22413 40.6411
24102 40.602
24766 40.5631
28100 40.5489
