 DIM = 8
1 9.38789
4 9.1805
10 7.73081
12 5.39358
13 3.0488
18 2.37699
19 0.599879
21 0.420923
22 0.344119
23 0.32337
39 0.299086
42 0.182112
45 0.137784
52 0.12429
55 0.107944
58 0.093689
60 0.087703
63 0.071155
69 0.050228
73 0.039221
79 0.039074
82 0.035603
86 0.033664
89 0.033147
92 0.031038
95 0.02473
98 0.024523
102 0.022195
105 0.021047
108 0.020558
117 0.020196
122 0.018583
130 0.015771
145 0.01359
147 0.013373
167 0.010784
169 0.009037
184 0.0082
188 0.006862
190 0.006714
210 0.006703
239 0.006634
244 0.006015
249 0.005552
252 0.005461
270 0.005216
273 0.00482
278 0.004727
281 0.004452
289 0.00441
309 0.00418
315 0.003878
335 0.003823
345 0.003725
360 0.003552
393 0.00353
417 0.003519
424 0.003499
434 0.003423
438 0.003241
442 0.00321
445 0.003142
449 0.003086
483 0.003012
490 0.002879
494 0.002727
514 0.002721
518 0.002715
530 0.002572
534 0.002568
538 0.002381
543 0.002232
590 0.002106
603 0.001998
659 0.001839
728 0.00177
733 0.001716
775 0.001641
797 0.001611
901 0.00159
951 0.001558
1009 0.001557
1090 0.001554
1111 0.001553
1126 0.001531
1133 0.001527
1177 0.001526
1214 0.001513
1238 0.001492
1245 0.001477
1325 0.001473
1358 0.001461
1367 0.001449
1401 0.001435
1409 0.001418
1444 0.001394
1453 0.001357
1534 0.001327
1543 0.001304
1552 0.001296
1562 0.001259
1581 0.001256
1590 0.001205
1638 0.001173
1648 0.00116
1658 0.001132
1667 0.001073
1707 0.001037
1717 0.000981
1758 0.000959
1769 0.000935
1779 0.000895
1790 0.000845
1832 0.000823
1853 0.000765
2068 0.000749
2092 0.000743
2214 0.000731
2329 0.000725
2396 0.00072
2423 0.000717
2519 0.000716
2692 0.000714
2767 0.000713
2859 0.000712
3085 0.000711
