 DIM = 12
1 1808
14 1732.53
15 1645.1
29 1632.54
30 1556.26
36 1552.9
38 1475.56
43 1467.43
44 1379.64
51 1365.76
52 1282.54
56 1282.09
58 1188.31
65 1182.3
66 1109.24
72 1104.8
73 1074.9
78 1062.98
79 1049.96
105 1049.41
110 1038.99
122 1031.17
124 1027.43
133 1027.17
135 1025.07
137 1016.23
139 1003.44
157 992.037
159 982.582
163 975.713
165 958.782
188 957.696
197 952.362
201 943.609
203 936.57
220 935.225
237 932.794
244 921.507
247 915.959
254 912.682
257 903.464
289 897.535
292 890.068
306 886.522
309 883.677
315 878.234
318 877.333
320 867.209
323 854.444
341 844.375
345 825.829
370 820.217
373 806.749
386 797.459
389 778.443
406 775.326
410 767.982
417 764.584
424 741.969
427 716.593
471 709.525
479 707.716
498 694.924
522 685.392
526 680.924
559 674.672
577 654.83
581 634.626
630 626.166
635 613.711
659 607.555
663 604.182
673 587.301
678 569.37
703 558.764
708 529.064
754 511.654
765 500.794
770 493.519
781 476.723
786 446.852
820 436.379
825 408.953
889 394.956
957 393.857
1022 387.546
1035 383.974
1069 374.242
1076 370.78
1155 365.036
1199 354.086
1207 349.265
1214 347.202
1222 338.852
1293 336.919
1317 324.924
1325 317.234
1426 305.242
1444 292.893
1453 277.899
1552 270.21
1562 262.337
1600 257.391
1609 252.454
1667 246.905
1697 244.265
1717 239.19
1748 236.371
1800 227.097
1919 220.832
1953 215.093
1964 212.204
2021 209.089
2080 199.573
2092 199.394
2116 195.576
2165 194.513
2189 188.455
2214 182.062
2265 174.998
2278 169.308
2356 167.187
2396 162.022
2436 158.089
2491 150.674
2533 146.149
2619 138.91
2662 132.323
2677 126.148
2736 122.174
2752 111.735
2890 109.35
2906 107.115
2922 105.91
2986 105.658
3019 102.152
3085 100.149
3135 95.4136
3186 88.8237
3204 88.1463
3308 81.0847
3398 80.5027
3471 80.3452
3527 75.0928
3818 73.1815
3920 72.1424
3961 70.6009
4024 68.455
4066 67.7784
4218 65.7378
4262 63.8043
4489 63.1747
4535 60.488
4559 59.5426
4654 58.1776
4678 56.4126
4899 53.7506
4949 53.1876
5052 52.7551
5130 49.9725
5156 49.6007
5343 47.7853
5397 46.0487
5592 45.6294
5649 43.4527
5851 39.77
5881 38.1946
6403 36.7676
6500 34.498
7002 33.319
7577 32.774
7690 32.7034
8036 31.5798
8275 31.4059
8646 31.3812
8858 31.3687
8944 30.742
9075 30.252
9119 30.2017
9163 29.9557
9710 29.6822
9804 29.4516
10090 29.317
10237 29.1314
10687 29.0519
11316 28.6673
12267 28.4647
12501 28.353
13105 28.2694
13865 28.2244
14394 28.1018
15582 28.0745
15728 28.0682
16023 28.0128
16324 27.9745
17019 27.9627
17256 27.9587
17741 27.9016
18836 27.8957
19098 27.8902
19721 27.8753
19903 27.8711
20086 27.8463
20271 27.8396
21317 27.8343
21610 27.8339
22209 27.8268
23138 27.7926
23243 27.7752
24654 27.7621
24766 27.7506
25333 27.7232
25447 27.7043
26146 27.6987
26265 27.6974
26383 27.6684
26503 27.6353
27229 27.6264
27352 27.5922
28482 27.5503
28610 27.5004
29391 27.49
29523 27.4434
30192 27.4218
30328 27.3697
30875 27.3374
31014 27.278
31574 27.2486
31715 27.195
32143 27.1791
32287 27.1735
32431 27.1443
32576 27.1291
32722 27.079
32868 27.0133
33310 26.983
33459 26.9661
33609 26.953
34213 26.859
34365 26.858
34827 26.7778
36087 26.7312
36409 26.7211
37724 26.6904
38228 26.6599
39257 26.6478
39605 26.5669
39781 26.5187
42879 26.4658
43640 26.4508
46410 26.4366
48489 26.423
56005 26.4229
56494 26.4207
58240 26.4201
60825 26.4193
61090 26.4192
62158 26.4182
62972 26.4178
64350 26.4177
64909 26.4177
65757 26.4172
68365 26.4168
70159 26.4165
72934 26.4164
73249 26.416
76470 26.4157
78468 26.4153
78805 26.4152
80515 26.4147
80861 26.4141
85130 26.4138
85495 26.4137
85862 26.4134
86231 26.413
87719 26.4127
88095 26.4122
89233 26.4119
89615 26.4113
90772 26.411
91160 26.4104
92731 26.4103
93526 26.4099
94328 26.4096
95136 26.4093
96773 26.4091
97601 26.4087
98437 26.4079
98857 26.4075
100555 26.4073
102282 26.4071
103596 26.4058
104037 26.4048
109016 26.4043
110413 26.4043
111354 26.4039
112302 26.4032
115685 26.4028
116670 26.4023
117165 26.4019
119166 26.4018
120689 26.4014
121714 26.4012
123269 26.4009
124315 26.3997
124842 26.3989
129133 26.3982
129680 26.398
130228 26.3968
130779 26.3951
136413 26.3938
137567 26.3926
138148 26.3917
138731 26.3914
139317 26.39
141684 26.3891
142281 26.3873
144089 26.3852
144696 26.381
150277 26.3786
150910 26.3778
151545 26.3764
152183 26.3745
153467 26.3731
154112 26.3704
156722 26.3685
157381 26.3655
158707 26.3642
159374 26.36
162751 26.3572
163435 26.3535
165502 26.3504
166197 26.3459
174759 26.3448
176966 26.3403
180704 26.3402
189199 26.3354
190784 26.334
202251 26.3323
203943 26.3291
209973 26.327
215280 26.3263
236856 26.3246
238829 26.3246
242822 26.3224
243830 26.3214
244843 26.3211
245859 26.3194
252046 26.3193
256254 26.3187
258384 26.3184
261611 26.3172
263784 26.316
265974 26.3151
270409 26.3149
273782 26.3125
279495 26.3109
284148 26.3105
287688 26.3101
290072 26.3091
294897 26.3086
297339 26.3073
304784 26.3064
313699 26.3049
314993 26.3048
316292 26.3034
317597 26.3021
324199 26.3015
329577 26.2997
336422 26.2977
339198 26.2958
340595 26.295
349093 26.2938
351972 26.2937
354873 26.2931
359270 26.2914
368222 26.2907
371255 26.2906
375849 26.2882
378943 26.2877
389967 26.2873
398033 26.2869
406262 26.2859
418062 26.2847
421494 26.284
424954 26.2835
437284 26.2828
440870 26.2822
457368 26.2816
461116 26.281
468701 26.2801
486216 26.2796
510567 26.2793
518947 26.2787
536111 26.2786
540488 26.2777
542689 26.2775
553830 26.2772
572121 26.2771
581487 26.2764
622995 26.276
678290 26.2759
686572 26.2758
697769 26.2756
703434 26.2755
714900 26.2754
744371 26.2754
750407 26.2753
756490 26.2752
778166 26.2751
803684 26.2749
833373 26.2748
860664 26.2748
874636 26.2747
896012 26.2747
910547 26.2745
925313 26.2745
990732 26.2744
994719 26.2744
1018970 26.2743
1039622 26.2742
1043801 26.2742
1060684 26.2742
1082165 26.2741
1099657 26.274
1126416 26.274
1153815 26.274
1172443 26.2739
1200940 26.2739
1220315 26.2739
1265038 26.2739
1295743 26.2739
1311369 26.2739
1353950 26.2738
1381249 26.2738
1448994 26.2738
1484081 26.2738
1501936 26.2738
1513957 26.2738
1544423 26.2738
1613588 26.2738
1626486 26.2738
1665793 26.2738
1679101 26.2737
