 DIM = 7
1 5.00558e+08
9 4.95801e+08
10 4.85576e+08
13 4.83666e+08
14 4.71721e+08
18 4.67654e+08
19 4.50854e+08
22 4.46325e+08
23 4.25919e+08
27 4.14907e+08
28 3.86289e+08
32 3.7934e+08
33 3.45152e+08
36 3.3169e+08
38 2.89188e+08
42 2.71474e+08
43 2.18311e+08
47 2.02243e+08
48 1.43869e+08
52 1.23579e+08
53 6.53959e+07
58 4.74832e+07
59 7.63144e+06
63 1.44998e+06
67 1.21947e+06
92 681185
95 536855
102 414082
105 358531
108 305431
112 287659
115 250773
119 136482
122 122719
126 107296
130 84692
133 70958.4
137 62805.3
141 56498.6
145 52038.4
149 26970.9
153 25303.1
157 21084.9
161 17683.6
165 13733.2
169 13264
173 10802.5
181 5137.08
190 3977.12
194 3863.67
199 2533.7
208 2085.71
217 1009.8
227 744.575
237 551.507
247 447.964
257 216.807
267 168.95
278 111.837
289 95.3059
300 51.6579
312 38.9945
323 32.4957
329 32.1555
335 27.2551
348 17.9223
360 16.7208
367 16.0363
373 14.2142
386 13.4762
400 11.6816
406 11.6325
413 11.1468
427 10.7741
442 10.5746
456 10.2218
471 10.137
486 10.064
502 10.0337
518 9.95808
534 9.93881
551 9.92286
568 9.91495
585 9.90087
603 9.89712
621 9.89439
640 9.89311
659 9.88992
678 9.88924
698 9.88848
718 9.88818
738 9.88768
759 9.88746
781 9.8874
792 9.88737
803 9.88734
814 9.88731
825 9.88718
848 9.88718
860 9.88715
871 9.88714
883 9.88714
895 9.88713
907 9.88712
919 9.88711
932 9.8871
944 9.8871
957 9.88709
970 9.88709
982 9.88709
995 9.88709
1022 9.88708
1035 9.88708
1049 9.88708
1076 9.88708
1133 9.88708
1155 9.88708
1285 9.88708
