 DIM = 7
1 5.00936e+08
9 4.95938e+08
10 4.86017e+08
13 4.83825e+08
14 4.71728e+08
18 4.67208e+08
19 4.50784e+08
22 4.45895e+08
23 4.25869e+08
27 4.14853e+08
28 3.86486e+08
32 3.79466e+08
33 3.45365e+08
36 3.32018e+08
38 2.8928e+08
42 2.71216e+08
43 2.18456e+08
47 2.0234e+08
48 1.43854e+08
52 1.23678e+08
53 6.53472e+07
58 4.75253e+07
59 7.63317e+06
63 1.45044e+06
67 1.21848e+06
92 681850
95 536576
102 413728
105 358397
108 305362
112 287747
115 250528
119 136570
122 122717
126 107291
130 84679.2
133 70982.3
137 62867.7
141 56445.2
145 52077.7
149 26955.4
153 25297.6
157 21076.1
161 17689.7
165 13746
169 13253.2
173 10798.7
181 5141.74
190 3977.97
194 3861.83
199 2531.39
208 2086.23
217 1010.62
227 745.297
237 551.643
247 448.308
257 216.615
267 169.115
278 111.818
289 95.2112
300 51.6694
312 39.007
323 32.5042
329 32.1607
335 27.266
348 17.9101
360 16.7231
367 16.0241
373 14.2122
386 13.4757
400 11.6774
406 11.623
413 11.1431
427 10.7658
442 10.5665
456 10.2162
471 10.1296
486 10.0583
502 10.0281
518 9.95101
534 9.9328
551 9.91604
568 9.90813
585 9.89455
603 9.89047
621 9.88808
640 9.88682
649 9.88653
659 9.88333
678 9.88286
688 9.8827
698 9.88194
718 9.8818
738 9.88121
749 9.88117
759 9.88103
781 9.88092
792 9.88089
803 9.88082
825 9.88071
848 9.88068
871 9.88066
883 9.88066
895 9.88065
907 9.88065
919 9.88062
944 9.88062
957 9.88061
970 9.88061
995 9.88061
1022 9.8806
1049 9.8806
1076 9.8806
1133 9.8806
1192 9.8806
