 DIM = 6
1 70.5625
7 69.0992
8 68.8961
9 67.3046
12 67.3018
13 65.5674
14 65.4822
15 62.9191
19 61.6008
20 58.7944
22 56.4635
23 51.1423
27 51.1034
28 47.2044
30 45.6199
32 41.8062
33 40.9915
34 39.09
48 38.189
51 37.7341
55 36.3447
60 36.063
63 34.5297
65 33.425
70 31.8015
72 30.746
73 29.8985
75 27.8399
86 26.6204
87 26.1797
94 24.034
95 21.7606
112 20.6132
114 19.7435
115 19.2198
119 17.5627
121 16.1469
124 16.0367
128 15.5537
132 13.3531
137 12.4699
147 11.7145
169 10.769
179 9.90683
181 9.50279
190 9.33333
199 8.9893
203 8.14143
206 7.77562
217 7.73728
222 7.2263
232 6.53083
234 6.01574
242 5.73879
247 5.56851
252 4.41298
254 3.98192
257 3.53679
260 2.88507
265 2.56163
267 2.38898
270 2.0803
278 0.4737
284 0.456449
297 0.328241
329 0.301636
335 0.219881
338 0.165033
351 0.144364
357 0.135941
363 0.064216
380 0.052633
389 0.038915
406 0.034639
417 0.02216
424 0.015662
434 0.010875
475 0.010569
483 0.00928
494 0.007165
538 0.006968
555 0.006823
564 0.006312
585 0.006258
603 0.005946
635 0.005899
649 0.005837
678 0.005765
688 0.005759
698 0.005755
708 0.005745
718 0.005739
733 0.005697
744 0.005693
754 0.005689
775 0.00568
814 0.005674
837 0.005669
889 0.005668
913 0.005667
926 0.005666
1062 0.005665
