 DIM = 12
1 1808.85
14 1733.24
15 1646.7
29 1631.52
30 1554.84
36 1554.46
38 1477.02
43 1466.74
44 1380.59
51 1366.46
52 1282.94
56 1282.24
58 1189.49
65 1182.06
66 1110.06
72 1105.35
73 1074.95
78 1063.79
79 1049.36
105 1049.15
112 1034.26
114 1031.51
122 1029.26
124 1027.47
126 1023.93
128 1016.65
130 1013
132 998.05
147 994.721
149 983.103
169 973.98
171 955.047
184 954.79
186 951.587
190 948.735
194 932.84
197 921.424
203 920.015
206 910.427
208 901.353
210 873.971
225 864.234
227 853.371
232 847.918
234 840.085
237 838.472
247 821.584
249 816.945
257 805.88
260 802.253
262 792.094
265 787.197
270 775.974
286 766.65
295 761.062
326 746.494
348 738.08
351 732.952
393 725.475
403 725.392
410 720.916
420 718.708
427 708.193
431 704.51
449 698.936
452 697.415
464 683.049
467 671.237
490 666.697
494 665.988
514 649.208
518 644.553
526 630.384
530 612.08
559 611.349
564 601.601
590 589.631
594 577.009
608 565.082
612 539.862
654 539.249
663 533.461
673 507.608
678 497.039
683 494.724
688 478.313
728 453.214
733 446.277
744 442.995
765 429.473
814 414.671
895 404.272
926 391.317
976 387.486
1062 376.864
1162 376.842
1192 375.931
1222 375.65
1253 366.676
1261 364.387
1277 358.758
1285 351.45
1358 347.483
1367 340.108
1418 336.647
1444 330.653
1453 325.036
1488 324.138
1506 318.817
1534 313.65
1543 312.452
1571 303.809
1590 302.568
1609 298.99
1638 298.275
1658 288.025
1667 279.391
1717 271.4
1728 270.017
1738 266.717
1790 256.235
1800 255.513
1811 248.634
1821 242.841
1832 241.358
1843 235.685
1886 234.979
1930 226.95
1975 219.391
2045 214.131
2068 214.011
2104 209.904
2202 204.808
2227 202.587
2252 201.799
2343 197.045
2423 192.292
2491 189.813
2561 185.614
2782 178.338
2970 173.605
3118 173.009
3273 170.832
3326 169.814
3362 168.853
3398 167.094
3416 167.077
3508 165.209
3584 164.892
3622 162.38
3699 159.543
3818 157.733
3920 156.716
4152 155.038
4240 154.839
4284 154.332
4419 152.025
4535 151.221
4800 149.399
4824 146.761
5182 146.436
5235 144.442
5262 143.006
5452 141.102
5480 139.78
5564 139.679
5592 139.169
5620 137.895
5649 136.377
5677 135.897
5706 133.927
5851 133.484
5940 132.676
6000 130.866
6030 130.627
6091 130.159
6246 129.099
6308 128.86
6565 128.257
6664 128.217
6697 127.834
6831 126.879
7037 125.723
7178 125.653
7652 125.236
7727 125.199
8275 124.185
8397 124.177
9252 124.103
9342 123.949
9387 123.825
9570 123.683
9851 123.201
10535 123.131
10893 122.978
10998 122.721
11050 122.632
11479 122.558
11534 122.508
11644 122.447
11811 122.347
11923 122.347
12209 122.071
12442 121.793
13229 121.487
13543 121.328
14529 120.965
16248 120.803
16324 120.651
16784 120.517
17417 120.511
17660 120.354
18323 120.321
18408 120.076
19363 119.846
19452 119.571
20179 119.294
20271 119.183
21027 119.133
21512 118.909
21908 118.892
22109 118.742
22209 118.691
22515 118.676
22824 118.648
23138 118.54
23349 118.224
23776 118.065
23885 118.013
25218 117.892
25333 117.648
26383 117.622
26985 117.564
27229 117.355
27475 117.269
27849 117.121
27974 116.932
28739 116.799
29391 116.703
29656 116.526
30192 116.412
30464 116.204
30600 116.027
31857 115.961
32143 115.863
32431 115.807
33310 115.742
33459 115.679
33759 115.38
34061 115.364
34213 115.218
34365 115.087
34519 114.788
35295 114.695
35452 114.639
35768 114.112
35927 113.926
36248 113.655
36409 113.178
37061 112.824
37225 112.309
37891 111.928
38059 111.778
38398 111.417
39083 110.721
39257 110.51
39431 110.466
39605 110.437
40134 109.729
40311 109.539
40669 109.103
43068 109.045
43258 108.955
43833 108.953
44026 108.556
45203 108.535
46206 108.519
47231 108.47
47647 108.373
47856 108.198
49131 107.972
51777 107.95
52920 107.908
53851 107.866
54323 107.623
54560 107.602
56494 107.544
56988 107.479
57988 107.354
61090 107.326
64629 107.27
