 DIM = 6
1 70.5752
7 69.1647
8 68.8778
9 67.331
12 67.2415
13 65.5082
14 65.4231
15 62.9096
19 61.5689
20 58.7362
22 56.4131
23 51.0913
27 51.0614
28 47.2312
29 47.187
30 43.9864
33 40.7039
34 39.4702
40 37.7601
52 37.0491
55 36.1511
56 35.5164
58 34.8346
59 33.7438
62 32.8398
63 31.072
65 30.535
66 27.9615
69 27.5389
70 24.671
76 21.9878
79 16.8665
81 11.6792
94 10.3417
107 7.47939
108 6.79865
112 6.15539
115 5.32511
117 5.26501
126 4.10211
135 2.33584
155 2.2629
163 2.10249
167 2.04976
171 1.82589
177 1.71796
184 1.523
186 1.26513
213 1.10012
222 1.04048
225 1.0312
232 0.887806
242 0.717549
244 0.597782
252 0.590499
254 0.543793
260 0.430316
273 0.176987
275 0.16711
292 0.154617
297 0.091784
318 0.089615
323 0.067211
335 0.055455
341 0.047502
354 0.037509
357 0.029149
380 0.025137
383 0.006524
452 0.005675
486 0.003675
581 0.003653
594 0.003568
612 0.003553
621 0.003498
659 0.003494
668 0.003491
678 0.003473
698 0.003472
708 0.003469
718 0.003467
754 0.003465
770 0.003463
797 0.003461
919 0.00346
