 DIM = 3
1 1.69338e+09
3 4.87416e+08
5 4.52016e+07
18 4.32873e+07
20 3.83443e+07
24 3.76568e+07
27 3.7022e+07
29 3.56254e+07
35 3.47524e+07
38 3.47499e+07
43 3.38501e+07
44 3.35131e+07
47 3.25809e+07
48 3.15311e+07
49 3.14767e+07
51 3.11264e+07
53 2.8967e+07
55 2.72396e+07
59 2.29703e+07
60 1.95547e+07
65 1.42104e+07
66 9.79124e+06
69 7.95407e+06
70 4.44546e+06
72 1.83113e+06
73 152380
89 64613.2
97 60591.7
100 37788.3
103 30921.1
107 28759.5
110 27605.9
114 20912.1
124 20316.1
128 19486.4
137 19377.4
145 19352.9
149 19259.8
163 19249.8
177 19246.5
