 DIM = 12
1 3.9872e+09
16 3.97889e+09
18 3.93108e+09
19 3.93092e+09
20 3.86904e+09
22 3.84962e+09
23 3.75706e+09
26 3.7535e+09
27 3.62357e+09
30 3.57948e+09
32 3.43941e+09
38 3.42909e+09
40 3.39598e+09
43 3.33457e+09
45 3.32649e+09
48 3.31197e+09
51 3.28167e+09
53 3.27373e+09
56 3.27114e+09
60 3.244e+09
63 3.23714e+09
66 3.10065e+09
67 2.98154e+09
90 2.93943e+09
92 2.86468e+09
103 2.80959e+09
107 2.73433e+09
108 2.65449e+09
115 2.6146e+09
117 2.56401e+09
122 2.52934e+09
124 2.49913e+09
126 2.48627e+09
128 2.46535e+09
130 2.43135e+09
132 2.42531e+09
133 2.35635e+09
135 2.35138e+09
137 2.17358e+09
139 1.98804e+09
149 1.96561e+09
155 1.94462e+09
159 1.94426e+09
165 1.85082e+09
169 1.83802e+09
173 1.67004e+09
184 1.56722e+09
186 1.44838e+09
199 1.39325e+09
201 1.3191e+09
208 1.16842e+09
210 1.00729e+09
237 8.63036e+08
244 8.52693e+08
257 7.89743e+08
267 7.33806e+08
275 6.04387e+08
278 5.3535e+08
312 5.09578e+08
318 4.31452e+08
332 4.07995e+08
345 3.5018e+08
360 2.99225e+08
373 2.67316e+08
445 2.58855e+08
456 2.01265e+08
486 1.87735e+08
498 1.8539e+08
506 1.35358e+08
564 1.34019e+08
603 1.11061e+08
612 1.1099e+08
644 1.04308e+08
678 8.29497e+07
728 7.81416e+07
744 6.85813e+07
837 6.80237e+07
901 6.24578e+07
926 5.24063e+07
963 5.11497e+07
1015 4.91958e+07
1042 4.23607e+07
1069 3.77345e+07
1133 3.54509e+07
1184 3.20354e+07
1222 3.03894e+07
1269 2.76918e+07
1401 2.59492e+07
1418 2.44359e+07
1453 2.43092e+07
1506 2.27937e+07
1525 2.2524e+07
1543 1.77585e+07
1552 1.54114e+07
1748 1.42887e+07
1769 1.37343e+07
1811 1.25983e+07
1832 1.17917e+07
1930 9.48027e+06
2068 8.98373e+06
2140 8.91339e+06
2290 8.34355e+06
2329 7.21342e+06
2343 6.39812e+06
2423 5.62643e+06
2436 4.78505e+06
2561 4.56872e+06
2662 4.0043e+06
2692 2.93757e+06
2875 2.74558e+06
3052 2.05888e+06
3085 1.54324e+06
3152 1.16694e+06
3169 971040
3584 733646
3680 724723
3719 600164
3778 571411
3818 527929
3879 511341
3961 450487
4024 336701
4088 300534
4131 255898
4196 244033
4240 237058
4284 204221
4489 138140
4750 130556
4824 124715
4874 120951
4899 91876.3
5103 87451.3
5156 82872
5235 79354.1
5315 62719.1
5480 58683.6
5564 57126.5
5620 55565.9
5649 50333
5793 39702.5
5910 37422.5
6061 18920.4
6598 18011.3
7037 16457.1
7142 12751.8
7285 12148.4
7503 9318.75
7614 8745.4
7880 6871.83
8356 6491.93
8730 5790.57
8773 5694.75
8901 5693.26
8988 5509.44
9031 5286.72
9342 4785.08
9387 4132.58
9804 4091.67
9994 3962.93
10042 3541.52
10335 3170.12
10687 3080.14
10790 3016.93
10945 2594.42
11209 2387.34
11589 2128.8
12267 1797.43
12679 1652.73
13166 1472.84
13354 1421.9
13735 1286.52
13930 1120.76
14061 1016.48
14873 947.109
15153 938.831
15510 832.333
15728 779.156
16023 656.935
16706 568.913
17256 506.804
18578 485.526
18923 475.093
19186 457.077
19541 387.622
19721 361.135
19903 319.703
20179 312.132
20646 241.953
21123 228.665
21512 218.722
22008 211.658
22209 210.542
22928 179.781
23349 125.811
24322 123.856
24543 122.856
25333 95.8041
25911 85.5387
27107 70.0627
27849 68.0654
28998 66.6017
29656 48.1279
31715 44.5096
32868 43.7199
33162 35.4709
34365 31.6744
35927 26.2592
38911 23.5871
40134 23.2677
40669 20.2365
41944 18.8289
43258 17.1554
44807 16.7895
45203 13.6247
47231 13.5427
49562 11.4843
51327 9.69443
51552 9.61896
51777 9.28643
54323 8.14997
56494 8.12679
57236 7.02919
59261 6.74657
62158 6.56504
63520 6.42104
64072 6.39613
65191 6.19412
66328 6.13874
67194 6.06623
68071 5.87278
69556 5.82814
71688 5.80692
72309 5.73782
73249 5.67715
74521 5.63707
74843 5.44015
80861 5.2878
87719 5.20718
89233 5.18034
89999 5.14267
91160 5.09816
93128 5.06004
97601 4.95781
101415 4.91466
105822 4.88329
109479 4.84308
111827 4.79724
112302 4.76865
116176 4.69668
116670 4.65492
119672 4.59184
120179 4.56886
120689 4.51592
121201 4.43693
123791 4.3833
124315 4.33279
126435 4.22892
128047 4.18693
129680 4.10583
130228 4.08495
130779 3.98646
131332 3.86717
134698 3.83721
136413 3.61241
136989 3.47645
141088 3.38849
141684 3.29023
144696 3.26911
147151 3.01017
147771 2.89487
152823 2.81736
154112 2.80247
156066 2.64175
157381 2.55825
158707 2.55265
160717 2.50709
162751 2.49253
164121 2.45763
165502 2.418
167596 2.4093
169005 2.31425
170426 2.13606
171141 2.11938
176227 2.0753
178452 2.00176
180704 1.92642
182983 1.82422
189990 1.76194
194805 1.58987
197257 1.55319
201410 1.43166
203943 1.42219
208233 1.4142
212610 1.40749
217077 1.18944
217981 1.1882
219801 1.09623
220716 1.02534
231033 0.990765
234899 0.8296
243830 0.639913
244843 0.587675
248934 0.582972
249967 0.579019
256254 0.562905
261611 0.441639
269293 0.353643
292475 0.269201
297339 0.233285
312410 0.223937
316292 0.214059
321542 0.18722
326877 0.144625
330935 0.136305
337807 0.129093
341997 0.123689
350530 0.060311
351972 0.054618
366715 0.049723
378943 0.042528
391568 0.032941
402951 0.030839
407927 0.027264
414656 0.022482
419774 0.016247
451803 0.015437
455506 0.013618
461116 0.01346
463001 0.008436
486216 0.00831
490194 0.007122
504370 0.004253
527460 0.004144
533935 0.003774
547119 0.002516
551584 0.001703
576785 0.001645
581487 0.001505
598240 0.001224
603113 0.001186
605564 0.001069
612975 0.000854
635746 0.000763
646130 0.000665
651385 0.000646
672823 0.000565
675551 0.000526
683800 0.000514
697769 0.000415
712016 0.0004
720701 0.000381
747383 0.000316
753443 0.000308
762622 0.000295
768803 0.000273
797229 0.000229
836737 0.000212
853760 0.000174
885261 0.000122
888831 0.00011
967141 9.1e-05
1043801 6e-05
1167758 5.6e-05
1196144 5.3e-05
1210589 5e-05
1265038 4.8e-05
1285427 4.4e-05
1321889 3.8e-05
1327180 3.6e-05
1386774 3.4e-05
1437481 3.3e-05
1448994 3.2e-05
1478176 2.8e-05
1544423 2.7e-05
1562992 2.6e-05
1588092 2.2e-05
