 DIM = 6
1 2.32337e+06
10 2.31521e+06
11 2.27045e+06
13 2.25291e+06
14 2.1863e+06
18 2.15395e+06
19 2.07008e+06
21 2.0509e+06
22 1.94254e+06
26 1.87759e+06
27 1.73572e+06
29 1.72446e+06
30 1.56536e+06
33 1.55449e+06
34 1.3798e+06
36 1.23627e+06
38 968634
42 933780
43 699979
45 642992
47 413401
49 362265
51 177428
53 135004
55 31948.3
58 24351
60 18267.5
63 13043.8
82 12762.2
86 12378.7
92 11596.6
98 11543.1
103 11325.6
107 11216.6
112 10843.7
122 10433.9
124 10382.8
130 10225.5
132 10115.2
135 9987.88
141 9284.98
143 8677.33
145 8600.64
147 7707.73
157 6595.58
159 5440.28
169 4851.57
171 3935.34
177 3711.28
179 3449.63
181 3240.11
184 2774.02
186 2612.97
188 2139.2
190 1843.87
192 1253.14
229 1141.02
234 1124.91
270 1116.17
273 1102.77
289 1100.05
315 1099.18
318 1098.57
323 1095.37
332 1084.29
373 1080.56
376 1075.92
396 1074.61
400 1070.5
410 1061.94
413 1050.9
424 1049.97
427 1037.63
438 1030.53
442 1019.35
445 1015.82
449 995.323
456 990.439
460 965.712
467 951.328
471 910.069
483 890.183
486 844.911
494 832.002
498 791.232
502 766.595
506 682.993
518 655.516
522 587.458
530 558.662
534 502.375
538 480.829
543 388.248
564 362.21
572 354.5
581 259.534
585 208.235
603 203.508
621 174.468
663 152.292
668 146.146
688 105.827
693 83.8812
728 70.6434
781 70.5954
792 68.0473
820 64.8147
877 63.6795
913 61.9175
944 60.1629
951 59.8753
976 59.3796
982 59.3285
1009 59.1039
1022 58.9737
1035 56.2175
1042 54.245
1083 52.7832
1090 51.25
1104 48.6631
1111 46.9303
1133 42.8184
1140 34.7912
1155 33.7866
1162 31.5946
1169 30.4832
1207 16.2829
1309 13.887
1317 13.379
1325 11.3712
1333 9.75749
1470 9.75742
1506 9.59095
1543 9.4102
1600 9.31918
1769 9.31797
1790 9.30603
1811 9.30594
1832 9.30199
1853 9.30183
1875 9.29676
1930 9.29643
1964 9.29386
1987 9.29106
2056 9.29064
2068 9.28628
2165 9.28498
2177 9.28416
2214 9.28205
2227 9.27845
2278 9.27628
2290 9.27385
2303 9.27331
2316 9.27124
2329 9.2687
2343 9.26383
2356 9.26042
2369 9.25008
2409 9.24962
2436 9.23672
2450 9.22403
2477 9.216
2491 9.19478
2533 9.18938
2547 9.16989
2561 9.16716
2575 9.14603
2604 9.1288
2619 9.09319
2633 9.08329
2648 9.02181
2692 8.99084
2707 8.92055
2736 8.90425
2752 8.86036
2767 8.84324
2782 8.78026
2797 8.74425
2813 8.60504
2843 8.5751
2859 8.47781
2890 8.46034
2922 8.41318
2954 8.19562
2970 7.98765
3068 7.84978
3085 7.68885
3135 7.60374
3152 7.47424
3169 7.34846
3186 7.11088
3238 6.98871
3256 6.87192
3490 6.86839
3527 6.85152
3603 6.84713
3641 6.84592
3680 6.84568
3719 6.83734
3879 6.83556
3900 6.83103
4088 6.82999
4152 6.82908
4196 6.82872
4262 6.82833
4351 6.82811
4419 6.82787
4489 6.82785
4512 6.82777
4630 6.82736
4750 6.82728
4949 6.82713
5103 6.82712
5289 6.82709
5315 6.82695
5343 6.82692
5508 6.82691
5535 6.82688
5620 6.82681
5706 6.82669
5735 6.82658
5881 6.82638
5910 6.82619
6000 6.82616
6030 6.82611
6061 6.82604
6091 6.82598
6153 6.82554
6183 6.82513
6340 6.82497
6372 6.82469
6403 6.82456
6435 6.82412
6500 6.82343
6532 6.82245
6631 6.82228
6664 6.82161
6697 6.82131
6730 6.82017
6831 6.81932
6865 6.81829
6899 6.81722
6933 6.81481
7072 6.81468
7107 6.81451
7142 6.81414
7213 6.81367
7285 6.81073
7321 6.80887
7577 6.8059
7614 6.8026
7765 6.80204
7804 6.79888
7958 6.79397
7997 6.78846
8115 6.78711
8155 6.78224
8235 6.78203
8275 6.78017
8316 6.77082
8356 6.75902
8604 6.74181
8646 6.72442
8858 6.71902
8901 6.71273
8944 6.70468
8988 6.69732
9031 6.69714
9075 6.6884
9119 6.67556
9163 6.65528
9342 6.64724
9479 6.6232
9524 6.60761
9710 6.5992
9756 6.59419
9851 6.58594
9946 6.5463
9994 6.51377
10286 6.51375
10385 6.47915
10435 6.4637
10485 6.4331
10535 6.39119
10738 6.34188
10790 6.29595
10945 6.22017
10998 6.14059
11103 6.11462
11156 6.01805
11316 5.83811
11370 5.57019
11425 5.54617
11479 4.91528
11644 4.86276
11699 4.02068
11811 3.32193
11867 2.97703
11923 2.74436
12037 2.47169
12151 2.09721
13043 1.93701
13354 1.82732
13417 1.64206
13800 1.5202
13865 1.51776
14735 1.47784
15012 1.45097
15655 1.45048
15875 1.43976
16098 1.40339
16173 1.38498
16248 1.3724
16324 1.33612
16784 1.29645
16862 1.24657
17177 1.21973
17256 1.16767
17660 1.12492
17823 1.11654
17989 1.11574
18155 1.06272
18239 1.02473
18493 1.01521
19010 1.01216
19363 1.00009
19721 0.990891
19903 0.981893
20458 0.975674
20646 0.961109
20740 0.960913
21512 0.956421
21610 0.956193
21709 0.955296
22008 0.953996
22413 0.951418
23455 0.95025
23669 0.950066
23885 0.949226
24654 0.948878
24879 0.948549
24991 0.947843
25218 0.946895
25447 0.945964
26623 0.943886
26743 0.942339
27475 0.940946
27599 0.940246
27849 0.938391
27974 0.935988
28354 0.935544
28482 0.934153
28610 0.932131
28739 0.92878
28998 0.926436
29128 0.921662
29391 0.917761
29523 0.909383
29789 0.907278
29923 0.895447
30192 0.893271
30328 0.87899
30600 0.87781
30738 0.867183
30875 0.859498
31014 0.842158
31153 0.838486
31293 0.808601
31574 0.805046
31715 0.784181
31857 0.770411
32000 0.726957
32431 0.708918
32576 0.691527
33015 0.669518
33310 0.658798
34213 0.636753
34827 0.625457
34982 0.607893
35452 0.591516
35927 0.57268
36087 0.57189
36248 0.548844
36409 0.526674
37061 0.486006
37724 0.483659
38398 0.480329
38739 0.474525
39083 0.447678
39605 0.427733
39781 0.421762
