 DIM = 7
1 1.16771e+09
9 1.1641e+09
10 1.14677e+09
13 1.14376e+09
14 1.12379e+09
16 1.12319e+09
18 1.09719e+09
20 1.09169e+09
21 1.0556e+09
24 1.03956e+09
26 9.87164e+08
29 9.77248e+08
30 9.14235e+08
33 9.13085e+08
34 8.36358e+08
36 8.19025e+08
38 7.12834e+08
42 6.7136e+08
43 5.36898e+08
47 5.06677e+08
48 3.63643e+08
52 3.09189e+08
53 1.64356e+08
58 1.2739e+08
59 2.73331e+07
63 6.50171e+06
66 4.40052e+06
69 2.70489e+06
92 2.6757e+06
95 1.80087e+06
98 1.40793e+06
102 843442
108 596250
115 529814
122 355381
126 292060
130 192719
133 175720
137 141404
141 125775
145 98034.9
153 70296.8
157 60490.6
161 37991.7
165 36236.7
169 27804.6
173 26003.8
177 23687.7
181 20586.8
186 13561.9
190 12830.6
194 7267.04
203 5285.77
213 4450.38
222 2487.54
232 1465.04
242 1054.5
252 839.395
262 527.373
273 309.283
284 228.351
295 192.828
300 187.952
306 112.123
318 65.2878
329 48.8487
341 43.0109
354 29.0042
367 20.9924
373 20.4692
380 17.5805
386 17.1615
393 15.4631
406 12.8081
413 12.7956
420 10.747
434 10.0842
449 9.7883
464 9.1601
479 8.88823
486 8.86447
494 8.75126
502 8.72878
510 8.68201
518 8.67041
526 8.56995
534 8.54105
543 8.4723
559 8.44556
577 8.43173
594 8.41036
612 8.39432
630 8.38877
649 8.38643
668 8.38114
688 8.37836
708 8.37728
728 8.37674
749 8.37588
770 8.37519
792 8.37496
814 8.37488
837 8.37466
860 8.37455
883 8.3745
907 8.37448
932 8.37445
944 8.37444
957 8.37442
982 8.37441
1009 8.37441
1035 8.3744
1049 8.3744
1062 8.37439
1090 8.37439
1104 8.37439
1147 8.37439
1177 8.37439
1222 8.37439
1293 8.37439
