 DIM = 3
1 50
2 49.9978
3 49.996
21 49.9958
22 49.9936
23 49.993
24 49.9916
26 49.9871
27 49.9818
28 49.9794
29 49.9711
32 49.9593
33 49.9443
34 49.9432
35 49.9239
36 49.9225
38 49.9003
39 49.871
40 49.8208
42 49.8154
43 49.7509
44 49.7293
45 49.6342
47 49.5698
48 49.4035
49 49.3708
51 49.144
52 49.0343
53 48.6708
55 48.507
56 47.9336
58 47.7519
59 46.9053
60 46.5414
62 45.3247
63 44.8805
65 43.1846
66 42.5323
67 40.2829
69 39.4647
70 36.8753
72 36.0325
73 33.6713
75 33.0384
76 31.7705
78 31.6526
94 31.6241
100 31.619
103 31.589
105 31.5867
112 31.5554
114 31.5292
121 31.5214
122 31.4918
126 31.4349
128 31.3736
130 31.3648
132 31.2828
133 31.2578
135 31.1684
137 31.0345
139 30.83
141 30.8002
143 30.5721
145 30.3806
147 29.9832
149 29.625
151 28.8385
155 27.8619
157 26.4178
159 25.988
161 23.6458
167 21.0745
169 16.8605
175 10.724
177 3.42664
192 3.31785
197 2.07778
206 1.14261
222 1.13286
229 1.01315
234 0.880091
244 0.880082
249 0.746523
257 0.711854
262 0.628399
275 0.590773
281 0.560982
289 0.536139
297 0.504581
309 0.498812
323 0.494342
329 0.480768
348 0.478473
354 0.476188
367 0.475081
373 0.473525
389 0.473074
396 0.472547
413 0.471731
442 0.471588
456 0.471448
467 0.47141
494 0.471409
506 0.47136
526 0.471358
543 0.471345
555 0.471344
572 0.471337
585 0.471333
626 0.471332
635 0.471331
