 DIM = 10
1 190072
17 189672
18 186907
21 186476
22 182593
26 182492
27 178054
30 177054
31 170544
36 168612
37 160645
41 158765
42 156740
43 154334
49 146778
63 146727
64 146255
74 144387
86 143742
95 142998
97 142363
98 141742
99 141583
100 139662
106 139223
109 138604
111 135693
120 134111
127 131772
128 130668
136 130051
137 128412
139 127239
140 123255
144 122230
145 120140
148 119092
157 113937
159 113646
160 111375
162 109274
163 106160
194 104414
205 104305
207 103277
209 103155
217 101269
243 100808
246 100744
249 100358
253 100349
255 100202
260 99493.4
261 98634.6
265 98595.7
280 98521.6
281 98145.5
296 98142.6
299 98120
300 98038.2
303 97771
305 97273.4
306 96783.2
319 96652.6
320 96263
324 96080.5
325 95441.5
332 95028.4
338 94421.5
342 94288.5
344 93951.7
345 93584.7
349 93412.6
350 93173
355 92994.9
357 92115
359 92064.5
361 91187
362 90434.6
368 90303.7
369 89419.1
370 88971.7
371 88509.6
374 87640.2
375 85704.5
380 84882.8
381 82611.8
387 81658.3
396 80737.7
409 80683.4
416 80535.7
418 79765.3
421 78799.3
458 78595.4
491 78511.7
497 78431.2
500 78300.6
501 78249.7
515 78153
522 78127.6
529 78114.2
532 78027.3
542 78011.1
544 77972.9
545 77883.7
565 77863.5
566 77773.2
575 77754.2
581 77710.3
586 77610.1
587 77603.7
598 77575.4
599 77542.1
603 77455.1
604 77427.7
613 77356.8
623 77338
634 77311.3
637 77300.1
643 77279.2
646 77266.5
652 77247.9
663 77234.2
674 77203.7
682 77196.9
703 77194.9
706 77194
710 77190.1
715 77185.1
719 77181.5
722 77180.2
730 77179.6
738 77174
747 77171.1
753 77169.2
755 77167.7
765 77166.9
768 77162.1
774 77160.2
775 77155.4
783 77148.3
784 77144.4
788 77139.3
789 77132.8
795 77131.7
796 77128.6
797 77127
798 77119.4
801 77111.9
802 77096.5
806 77090.9
807 77077.5
808 77076.5
809 77049.5
813 77046.5
814 77018.8
817 77011.2
818 76966.5
822 76956.5
823 76905.1
827 76895.9
828 76824.8
831 76816.6
832 76740.2
836 76697.6
837 76565
842 76543.5
843 76408.9
846 76386.5
847 76198.5
851 76153.4
852 75911.4
855 75892.2
856 75555.4
861 75506.4
862 75143.1
864 75143
865 74614
869 74582.2
870 73966.7
873 73941.2
874 73123.5
878 73002.8
879 72027.9
882 71878.5
883 70649
887 70605.8
888 69226.2
891 68836.4
892 66729
896 66687.1
898 66631.6
912 66622.3
915 66508.8
930 66389.1
935 66348.2
941 66345
942 66243.1
970 66226.8
997 66219.4
1000 66208.7
1019 66208.1
1020 66196.2
1040 66190.2
1041 66186
1043 66183.4
1044 66178.4
1047 66164.2
1048 66143.3
1056 66127.8
1057 66096.5
1065 66089.2
1066 66065.2
1067 66055.5
1068 66006.6
1074 65985
1075 65918.3
1080 65912.2
1081 65854
1084 65830.7
1085 65806.5
1086 65779.7
1088 65764.5
1090 65755.9
1121 65754
1123 65752
1131 65750
1140 65749.8
1145 65749.7
1152 65749.4
1157 65744
1176 65742.8
1187 65742.6
1210 65741.7
1228 65741.6
1236 65741.6
1238 65741.4
1251 65741.2
1252 65741.1
1254 65740.9
1267 65740.5
1268 65740.2
1281 65740
1282 65739.6
1286 65739.5
1287 65739.3
1289 65739
1290 65738.5
1294 65738.3
1295 65737.3
1299 65737.2
1300 65736.5
1302 65736.1
1303 65734.9
1307 65734.4
1308 65732.4
1312 65732.4
1313 65730.1
1317 65729.7
1318 65726.6
1322 65725.3
1323 65721
1327 65720.8
1328 65715.7
1332 65714.8
1333 65708.5
1337 65706.2
1338 65697.6
1342 65697.3
1343 65687.8
1345 65687.6
1346 65673.5
1350 65670.4
1351 65651.4
1355 65648.5
1356 65623.9
1360 65620.5
1361 65589.5
1365 65583.8
1366 65544.7
1370 65536.9
1371 65487.6
1375 65478.9
1376 65418.8
1380 65404
1381 65328.3
1385 65312
1386 65219
1389 65216.5
1390 65147.9
1393 65143.4
1394 65123.8
1398 65120
1399 65094.1
1404 65086.9
1405 65056
1408 65053.6
1409 65012.2
1413 65004.8
1414 64952
1417 64946.5
1422 64931.3
1467 64930.7
1469 64928.7
1477 64927.7
1508 64927.2
1515 64926.4
1516 64924.2
1529 64923.9
1530 64922
1533 64921.4
1535 64920.2
1536 64916.7
1541 64916.6
1542 64912.6
1546 64911.9
1547 64906.9
1551 64905.5
1552 64898.8
1556 64898
1557 64889.9
1561 64888
1562 64877.8
1566 64875.7
1567 64863.1
1571 64860.6
1572 64845.3
1575 64844.1
1577 64841.6
1578 64841.5
1579 64839.7
1591 64839.3
1596 64838.3
1597 64836.9
1604 64835.1
1605 64830.9
1613 64830.9
1614 64826.4
1617 64825.6
1618 64819.5
1625 64818.7
1626 64811.4
1629 64810.5
1630 64800.3
1643 64798.9
