 DIM = 8
1 26.75
9 26.528
14 26.4998
15 26.321
17 26.2857
18 26.0055
22 25.9589
23 25.6124
25 25.5801
26 25.0689
30 24.8751
31 24.1378
33 24.0861
34 22.9141
38 22.6532
39 21.0454
41 20.7575
42 19.5778
44 19.1913
45 18.0534
46 17.7684
62 17.7523
72 17.7089
73 17.507
74 17.4712
75 17.4264
80 17.14
81 16.7761
83 16.623
87 16.3292
88 15.9827
93 15.5199
94 15.0596
112 14.8542
113 14.5163
114 14.4907
117 13.936
118 13.7323
128 13.3547
137 13.2749
139 12.9682
144 12.7229
155 12.6127
156 12.3816
167 12.1557
184 11.9424
185 11.8498
199 11.673
204 11.6632
207 11.5435
214 11.5255
218 11.5158
221 11.4146
224 11.3681
257 11.3368
263 11.3349
266 11.3327
269 11.3266
270 11.321
273 11.3192
279 11.3188
280 11.3049
290 11.304
292 11.3029
301 11.2975
303 11.2962
307 11.2913
311 11.2859
318 11.2802
321 11.2779
333 11.2776
335 11.2769
339 11.2755
350 11.275
366 11.2749
369 11.2745
371 11.2728
394 11.2724
399 11.2723
405 11.272
410 11.272
424 11.272
426 11.2719
428 11.2719
433 11.2717
442 11.2717
447 11.2716
459 11.2716
460 11.2715
468 11.2714
469 11.2713
479 11.2712
480 11.2711
484 11.271
485 11.2709
489 11.2709
490 11.2708
491 11.2706
492 11.2706
495 11.2705
496 11.2705
497 11.2704
498 11.2703
500 11.2701
501 11.2697
507 11.2695
508 11.2691
511 11.269
512 11.2688
514 11.2687
515 11.2682
516 11.2682
517 11.2673
520 11.2671
521 11.2661
523 11.2659
524 11.2643
527 11.264
528 11.2622
531 11.2612
532 11.2585
534 11.2582
535 11.2541
538 11.2535
539 11.2476
542 11.2462
543 11.2375
546 11.2374
547 11.2264
549 11.2256
550 11.2085
553 11.2034
554 11.176
557 11.1688
559 11.162
602 11.1615
620 11.1605
624 11.1605
626 11.16
642 11.1598
649 11.1596
665 11.1595
666 11.1594
667 11.1591
679 11.1591
680 11.1589
681 11.1589
682 11.1585
686 11.1584
687 11.158
690 11.1576
691 11.1569
696 11.1568
697 11.1558
701 11.1556
702 11.1544
704 11.1543
705 11.1527
709 11.1524
710 11.1515
711 11.1509
712 11.1492
716 11.1483
717 11.146
721 11.1449
761 11.1449
790 11.1449
799 11.1448
816 11.1448
826 11.1448
831 11.1448
834 11.1448
839 11.1448
840 11.1448
864 11.1448
876 11.1448
877 11.1447
885 11.1447
886 11.1447
888 11.1447
889 11.1447
893 11.1447
894 11.1447
898 11.1447
899 11.1446
901 11.1446
902 11.1446
905 11.1446
906 11.1445
908 11.1445
909 11.1444
912 11.1444
913 11.1443
916 11.1443
917 11.1441
921 11.144
922 11.1439
925 11.1438
926 11.1435
929 11.1435
930 11.1432
932 11.1431
933 11.1427
936 11.1426
937 11.142
940 11.1419
941 11.141
944 11.1409
945 11.14
948 11.1399
949 11.1395
952 11.1394
953 11.1388
955 11.1388
956 11.138
959 11.1378
960 11.1367
963 11.1365
964 11.1359
967 11.1359
968 11.1351
970 11.135
972 11.1348
1011 11.1348
1020 11.1348
1045 11.1348
1126 11.1348
1139 11.1348
1155 11.1348
1159 11.1348
1160 11.1347
1173 11.1347
1174 11.1347
1189 11.1347
1199 11.1347
1200 11.1346
1215 11.1346
1216 11.1346
1229 11.1346
1230 11.1345
1243 11.1345
1244 11.1344
1258 11.1344
1263 11.1344
1297 11.1344
1325 11.1344
1343 11.1344
