 DIM = 12
1 3.99104e+09
16 3.97691e+09
17 3.93347e+09
18 3.93058e+09
19 3.8686e+09
21 3.84824e+09
22 3.7562e+09
24 3.74976e+09
25 3.62689e+09
28 3.58293e+09
29 3.43621e+09
34 3.43251e+09
36 3.394e+09
38 3.3358e+09
40 3.32598e+09
42 3.31165e+09
44 3.2848e+09
46 3.27554e+09
48 3.27323e+09
51 3.24287e+09
53 3.23433e+09
55 3.09854e+09
56 2.98123e+09
71 2.9365e+09
72 2.86623e+09
76 2.86599e+09
80 2.81413e+09
82 2.73599e+09
83 2.65752e+09
87 2.61851e+09
88 2.56287e+09
90 2.53126e+09
91 2.42904e+09
95 2.40655e+09
96 2.40097e+09
97 2.26712e+09
98 2.15382e+09
102 2.05438e+09
103 1.91599e+09
107 1.84392e+09
108 1.79682e+09
109 1.7838e+09
111 1.62979e+09
112 1.49453e+09
117 1.47519e+09
122 1.21747e+09
123 1.08151e+09
138 9.52137e+08
147 9.39536e+08
151 8.79956e+08
154 8.21252e+08
156 7.43444e+08
157 7.07147e+08
160 6.78648e+08
167 6.64855e+08
169 5.97689e+08
171 5.51923e+08
176 4.43115e+08
177 4.2908e+08
187 3.57994e+08
193 3.13331e+08
207 2.31226e+08
212 2.12999e+08
218 2.11676e+08
225 1.78938e+08
232 1.47289e+08
237 1.25749e+08
242 1.02674e+08
259 6.64374e+07
260 6.38049e+07
271 5.48531e+07
273 4.63085e+07
280 3.71505e+07
283 2.97037e+07
288 2.61395e+07
300 2.49198e+07
305 2.18856e+07
309 2.10409e+07
310 1.92221e+07
313 1.58208e+07
318 1.5585e+07
320 9.92456e+06
332 8.21608e+06
345 7.83498e+06
346 6.88567e+06
350 5.86674e+06
357 5.09292e+06
366 3.50145e+06
375 2.91921e+06
380 2.91485e+06
386 2.67871e+06
394 1.68765e+06
405 1.47702e+06
420 1.42896e+06
428 1.28923e+06
433 1.02617e+06
460 885293
472 859771
477 760040
492 721483
495 636992
496 602298
507 561748
512 511128
517 491519
523 490931
528 475917
535 442492
539 406914
543 397758
552 371339
563 365191
570 313537
571 288099
578 268734
579 237885
585 236703
587 232008
589 217169
595 215894
598 197315
600 185635
602 159422
616 153927
620 140498
622 137926
624 113523
625 110213
636 105352
640 70188.8
680 67241.2
683 60265
711 58961.8
713 58255.2
715 54865.8
716 54078.3
722 52840.5
728 52121.7
731 49661.6
735 47063.1
736 46625.3
739 45901.6
741 42978.7
742 42938.2
747 39619.5
750 38260.7
752 37000.4
757 34288.1
763 33834.8
767 32487.1
773 32304.4
775 28860.9
783 26466.3
790 25037.1
806 22699.4
807 21775
817 21325.6
820 19386.2
821 18467.7
822 18085.5
823 16813.4
827 16630.3
830 14915.9
832 14227
836 11914
842 10701.8
848 9964.69
850 8824.8
856 6796.86
864 5923.45
867 5857.83
876 5241.08
878 2988.23
901 2213.67
905 1965.71
921 1783.76
923 1464.83
933 1060.81
940 864.051
942 669.61
961 496.898
971 472.916
974 335.414
981 235.715
987 229.942
995 132.857
1012 123.715
1025 103.46
1029 61.8904
1043 57.8004
1048 50.8372
1061 45.5517
1066 45.0435
1068 34.1836
1070 28.5227
1084 24.6243
1087 24.076
1091 11.3094
1103 9.22294
1119 8.26769
1122 5.81785
1124 5.2348
1133 4.25199
1135 4.0259
1147 3.73597
1150 3.57203
1155 2.95874
1158 2.55319
1159 2.32065
1166 1.787
1180 1.7467
1183 1.56881
1184 0.767109
1219 0.712607
1222 0.649428
1225 0.61319
1227 0.56766
1231 0.484975
1233 0.460055
1240 0.36609
1246 0.349711
1257 0.300866
1265 0.228216
1269 0.213022
1277 0.187268
1282 0.149823
1299 0.126304
1312 0.089074
1319 0.08153
1331 0.079257
1335 0.066072
1339 0.052348
1347 0.048368
1369 0.029322
1370 0.02325
1395 0.02107
1397 0.019579
1403 0.01395
1417 0.008961
1435 0.008813
1438 0.005521
1448 0.004444
1469 0.002628
1499 0.002499
1502 0.00201
1504 0.001925
1510 0.001784
1512 0.001456
1533 0.001158
1536 0.000819
1552 0.000818
1559 0.00076
1562 0.00065
1568 0.000533
1581 0.000515
1585 0.000464
1589 0.000395
1591 0.000365
1594 0.000358
1605 0.000304
1608 0.00027
1624 0.000237
1633 0.000179
1659 0.000164
1662 0.000128
1663 0.000124
1670 0.00011
1680 8.1e-05
1693 6.9e-05
1707 6.3e-05
1711 6e-05
1717 5.9e-05
1719 4.9e-05
1725 4.8e-05
1733 4.3e-05
1743 3.7e-05
1754 3.2e-05
1759 3.1e-05
1764 2.9e-05
1773 2.5e-05
1786 2.4e-05
1792 2.2e-05
1798 2e-05
1805 1.7e-05
1806 1.6e-05
1815 1.4e-05
1819 1.3e-05
1823 1.2e-05
1836 1.1e-05
1848 1e-05
1854 9e-06
1863 8e-06
1882 7e-06
