 DIM = 4
1 3.08386e+11
7 2.78066e+11
8 2.45916e+11
11 2.25892e+11
12 1.919e+11
13 1.76526e+11
14 1.29666e+11
16 1.20363e+11
17 7.97099e+10
18 6.55723e+10
19 2.85838e+10
21 1.76122e+10
22 4.17722e+09
23 3.03374e+09
25 1.51685e+09
44 1.41165e+09
45 1.36453e+09
49 1.3013e+09
50 1.21346e+09
53 1.17927e+09
54 1.07049e+09
55 1.02932e+09
56 8.67152e+08
57 8.54059e+08
58 6.93142e+08
60 5.12462e+08
61 3.3455e+08
63 2.49042e+08
64 1.51204e+08
67 1.09072e+08
78 1.03722e+08
79 8.85488e+07
80 7.77281e+07
84 6.30336e+07
85 5.39704e+07
87 5.30046e+07
89 3.97258e+07
90 3.82799e+07
91 2.18824e+07
92 1.48034e+07
94 1.34419e+07
97 1.11587e+07
101 9.85952e+06
103 8.93886e+06
106 8.33931e+06
107 6.21237e+06
110 6.15886e+06
111 4.44355e+06
112 3.98984e+06
126 3.96519e+06
127 3.95401e+06
130 3.90196e+06
131 3.86698e+06
134 3.86209e+06
137 3.8375e+06
141 3.82986e+06
143 3.82739e+06
144 3.81363e+06
149 3.79212e+06
150 3.79161e+06
154 3.76482e+06
155 3.75528e+06
159 3.71681e+06
160 3.69089e+06
165 3.642e+06
166 3.59764e+06
170 3.58083e+06
171 3.56558e+06
172 3.48997e+06
173 3.40281e+06
176 3.3352e+06
177 3.29518e+06
178 3.17599e+06
179 3.02572e+06
182 2.93515e+06
184 2.75584e+06
185 2.64315e+06
188 2.51709e+06
189 2.49206e+06
191 2.44447e+06
194 2.30535e+06
195 2.28891e+06
199 2.13725e+06
200 2.0239e+06
202 2.0236e+06
203 1.99738e+06
204 1.92074e+06
207 1.63032e+06
208 1.39398e+06
212 948944
213 650625
217 517546
218 363868
219 305790
220 240801
221 154327
222 115212
229 101022
234 95076.7
236 93646.3
239 92998
241 91525.6
243 87346.8
255 86389.9
260 86328.9
263 86209.1
268 85994.5
270 85980.1
274 85857.3
291 85856.3
