 DIM = 3
1 99.1512
3 99.1075
5 93.694
6 88.252
8 86.9973
9 80.9275
10 74.9149
11 62.8228
12 62.8137
13 48.3009
14 39.8079
15 15.619
16 3.78195
30 3.26801
32 1.9492
38 1.79712
46 1.78598
52 1.77265
56 1.76418
68 1.7635
74 1.76338
79 1.76311
88 1.7631
89 1.76307
92 1.76302
93 1.76292
94 1.76288
95 1.76272
96 1.7627
97 1.76249
98 1.76235
99 1.76199
100 1.76189
101 1.76138
102 1.76119
103 1.76043
104 1.76005
105 1.75884
106 1.75845
107 1.7567
108 1.75596
109 1.75331
110 1.75219
111 1.74818
112 1.74677
113 1.74103
114 1.73863
115 1.73025
116 1.72696
117 1.71513
118 1.71092
119 1.69526
120 1.68905
121 1.66891
122 1.66181
123 1.66091
128 1.65748
132 1.65621
134 1.6528
138 1.6514
142 1.65057
144 1.65012
148 1.64961
152 1.6494
154 1.64927
156 1.64916
159 1.64903
162 1.64896
164 1.64893
166 1.64891
168 1.64883
172 1.64879
176 1.64878
178 1.64877
180 1.64877
182 1.64875
184 1.64875
186 1.64874
190 1.64874
196 1.64874
202 1.64874
208 1.64873
215 1.64873
