 DIM = 12
1 2.05759e+07
21 2.05754e+07
22 2.04163e+07
26 2.03299e+07
27 2.00733e+07
34 2.00238e+07
35 1.97145e+07
40 1.96618e+07
41 1.92559e+07
46 1.92313e+07
47 1.88382e+07
51 1.88055e+07
52 1.82992e+07
57 1.81434e+07
58 1.75272e+07
62 1.7504e+07
63 1.67625e+07
68 1.66519e+07
69 1.57821e+07
72 1.57499e+07
73 1.45568e+07
79 1.44182e+07
80 1.32024e+07
83 1.32002e+07
84 1.16762e+07
90 1.13303e+07
91 9.74042e+06
95 9.61648e+06
96 7.88283e+06
101 7.7307e+06
102 6.05427e+06
105 5.99974e+06
106 4.15292e+06
112 3.89543e+06
113 2.45486e+06
117 2.35547e+06
118 1.23793e+06
123 1.0741e+06
124 514000
129 494846
131 476945
188 466549
189 458742
193 449738
194 437357
202 428566
203 404312
211 398621
212 370666
218 363898
219 338808
222 337554
223 301724
227 300532
228 262401
233 246619
234 199010
240 194485
241 153663
246 143814
247 105252
252 101828
253 75087.8
255 72957.7
256 42362.6
260 41597.4
261 21957.5
266 18637.5
267 6990.24
273 4970.77
314 4890.73
319 4682.78
322 4498.55
329 4457.29
339 4335.55
341 4295.49
347 4142.45
351 4095.27
355 4023.17
359 3767.57
360 3619.3
366 3559.7
367 3513.05
369 3359.79
370 3196.81
378 2793.95
379 2556.91
382 2432.73
383 1985.81
391 1701.41
392 1403.71
394 1305.7
395 1024.86
397 986.874
398 678.677
403 539.964
409 297.811
410 271.51
424 268.595
426 232.202
434 215.416
453 210.844
457 201.325
466 196.225
472 186.185
473 181.952
488 178.846
495 174.672
505 173.316
536 173.282
537 172.607
543 172.061
548 171.731
560 171.19
561 170.76
569 170.395
575 170.087
576 169.317
579 169.142
580 167.848
592 167.646
593 167.101
594 166.59
595 165.481
599 165.413
600 164.325
603 164.052
604 162.266
608 161.85
609 159.425
614 158.411
616 157.763
617 156.919
622 155.712
624 152.698
625 150.251
634 148.506
635 144.715
641 141.968
642 136.907
653 135.346
654 134.818
656 129.686
657 126.278
660 125.279
661 119.747
668 117.431
669 111.69
701 110.109
705 107.457
706 104.426
717 100.639
719 100.595
723 95.6345
724 91.3456
741 90.6675
742 89.0533
743 87.6823
744 85.238
747 84.7544
750 83.3595
753 80.1995
755 77.97
756 75.6408
765 73.4963
794 72.1817
795 71.6398
808 71.0659
809 70.1515
814 69.555
815 67.6982
827 66.8298
828 65.5726
832 65.2185
833 64.2316
836 63.5176
837 61.6865
841 61.31
842 59.0363
845 58.7123
846 56.2197
849 55.5201
850 51.6908
858 48.8892
859 44.9844
866 44.5069
867 43.3596
870 42.5823
872 42.257
874 41.4827
876 41.1386
890 41.095
892 40.987
901 40.9681
903 40.8087
909 40.791
911 40.7781
913 40.7605
915 40.7196
921 40.6411
937 40.602
943 40.5631
971 40.5489
