 DIM = 9
1 8.15888e+06
15 8.15799e+06
16 8.06597e+06
19 8.02839e+06
20 7.88838e+06
24 7.86689e+06
25 7.70423e+06
28 7.68215e+06
29 7.47508e+06
33 7.40499e+06
34 7.14647e+06
37 7.12427e+06
38 6.81437e+06
41 6.79309e+06
42 6.42254e+06
45 6.28064e+06
46 5.74447e+06
50 5.7032e+06
51 5.14621e+06
54 5.05125e+06
55 4.37778e+06
59 4.15495e+06
60 3.42079e+06
63 3.37891e+06
64 2.62011e+06
67 2.59987e+06
68 1.87264e+06
71 1.66149e+06
72 959895
76 872065
77 420770
80 397421
81 253910
115 241163
116 230446
129 229819
130 229433
132 225026
134 213559
135 199563
142 193301
143 180938
145 176572
146 157248
151 152921
152 139861
154 130422
155 108250
160 103457
161 94184.4
163 86769.4
164 76414.4
167 70951.3
168 61340.9
177 59645.5
214 58482.3
215 58161.8
226 57429.8
227 56357.3
236 56003.5
237 55271.7
240 55009.9
241 54577.9
242 54141.3
243 53282.1
247 51922.8
248 50038.8
254 49987
255 48436.1
256 48278.8
257 45425.3
261 44568.8
262 40815.7
267 39780.7
268 37420.6
269 37292.1
270 33216.9
273 31504.6
274 26005.8
278 25580.2
279 22895.2
280 20740.3
281 14962.2
285 14137.1
286 11410.5
287 10517.8
288 6618.29
292 4552.12
293 2575.12
311 2139.34
315 1981.69
320 1893.68
336 1679.8
337 1619.38
348 1583.54
349 1571.62
350 1560.16
359 1503.18
395 1502.81
400 1501.16
401 1500.87
404 1499.46
408 1498.8
412 1498.79
414 1496.9
416 1495.88
423 1494.6
430 1491.36
431 1489.84
438 1489.63
439 1489.59
444 1486.47
445 1485.32
446 1484.02
447 1481.88
448 1480.82
449 1476.73
457 1476.53
459 1474.22
460 1472.29
462 1467.55
463 1459.53
466 1459.12
467 1449.56
471 1442.31
472 1425.09
477 1417.17
478 1403.22
480 1398.89
483 1386.28
484 1370.62
489 1368.29
490 1364.34
494 1359.22
497 1336.96
513 1320.14
514 1301.99
521 1299.9
522 1284.02
528 1280.68
529 1276.81
530 1258.26
531 1232.84
536 1219.53
537 1188.5
539 1174.67
540 1123.07
545 1108.43
546 1093.06
547 1072.6
548 1035.25
550 1022.68
551 979.321
552 974.774
553 929.103
554 891.142
555 771.09
560 687.741
561 618.237
563 611.911
564 554.266
566 481.545
567 475.728
568 387.03
569 299.905
571 287.965
572 265.306
574 208.964
594 205.806
602 203.685
608 200.205
610 199.374
612 198.531
617 197.213
619 196.862
623 195.856
627 195.237
633 195.236
635 194.602
640 194.571
645 193.962
648 193.654
650 193.61
663 193.531
665 193.53
668 193.427
671 193.385
678 193.133
691 193.131
695 193.125
702 193.063
704 193.024
707 192.994
712 192.918
713 192.839
718 192.768
719 192.654
722 192.638
723 192.486
728 192.365
729 192.188
731 192.15
732 191.905
735 191.901
736 191.592
740 191.394
741 190.956
745 190.878
746 190.411
749 190.404
750 190.059
751 189.89
752 189.107
755 188.917
756 187.827
760 187.803
761 186.854
763 186.58
764 185.112
768 184.884
769 183.765
770 183.663
771 181.688
774 180.645
775 177.461
781 175.793
782 172.345
786 171.199
787 167.005
791 165.333
792 160.277
795 159.601
796 153.134
800 149.863
801 141.026
805 138.418
806 128.101
810 123.525
811 110.327
815 106.874
816 92.0434
820 89.9243
821 78.1282
824 73.0422
825 59.2545
828 58.8789
829 48.7392
833 48.5955
836 39.623
845 39.4427
846 37.2753
849 33.7895
850 29.596
852 29.169
853 25.4451
856 24.2084
859 22.4074
861 20.073
865 17.9101
867 17.0038
870 15.8692
873 14.1328
881 12.4971
890 11.801
892 11.554
904 10.3244
916 10.0009
918 9.0277
919 8.02361
930 7.98489
933 6.98163
934 6.53209
936 6.26645
937 5.79479
942 5.04064
943 4.93543
944 4.06004
945 3.11289
954 2.87759
959 2.80279
966 2.72963
969 2.44162
971 2.17957
975 1.87817
976 1.85853
993 1.85698
995 1.77601
996 1.66282
1009 1.66186
1012 1.62251
1020 1.56585
1023 1.49066
1033 1.46516
1055 1.45547
1057 1.44687
1062 1.41865
1063 1.41231
1069 1.40084
1075 1.39966
1080 1.37409
1081 1.36462
1088 1.36267
1089 1.34367
1098 1.31323
1099 1.2945
1104 1.2819
1105 1.25885
1116 1.25804
1119 1.24534
1121 1.22556
1125 1.21941
1133 1.20429
1134 1.19488
1145 1.18081
1158 1.17889
1163 1.17283
1168 1.17066
1170 1.16807
1177 1.16108
1178 1.15885
1189 1.15861
1191 1.15779
1196 1.15453
1199 1.14962
1206 1.1485
1208 1.14586
1212 1.14512
1214 1.14434
1221 1.14394
1223 1.14112
1229 1.13995
1231 1.1375
1232 1.1365
1234 1.13621
1238 1.1334
1239 1.13198
1253 1.12971
1254 1.12895
1256 1.12781
1257 1.12665
1258 1.12651
1263 1.12352
1264 1.1203
1272 1.11848
1273 1.11804
1277 1.11703
1279 1.11674
1285 1.11551
1288 1.11116
1289 1.10948
1298 1.10795
1299 1.1068
1300 1.1062
1301 1.10544
1305 1.10233
1307 1.10145
1316 1.10035
1325 1.09979
1330 1.09863
1333 1.09682
1334 1.09575
1346 1.09418
1347 1.09269
1358 1.09135
1359 1.0899
1369 1.08923
1370 1.0881
1376 1.0871
1377 1.08617
1379 1.08537
1380 1.08394
1385 1.08193
1386 1.08016
1397 1.0786
1398 1.07756
1405 1.07743
1407 1.07478
1408 1.07458
1411 1.0731
1412 1.07278
1415 1.07171
1422 1.07138
1425 1.07083
1438 1.07078
1442 1.07068
1446 1.07059
1452 1.07038
1453 1.06952
1454 1.06945
1462 1.0689
1463 1.06841
1469 1.06841
1470 1.06825
1475 1.06818
1480 1.06756
1481 1.06715
1489 1.06676
1490 1.06624
1494 1.06589
1495 1.06532
1498 1.06498
1499 1.06456
