 DIM = 7
1 17605
9 17573.5
10 17447.5
13 17419.5
14 17263.7
16 17260.4
17 17056.6
19 17020.9
20 16728.9
23 16603.3
24 16181.2
27 16088.6
28 15569.7
30 15559.3
31 14890.1
33 14735
34 13738
37 13340.5
38 11920.2
41 11586.9
42 9810.32
45 9036.05
46 6580.27
49 5790.25
50 2664.28
53 1283.75
55 1114.8
57 880.879
72 811.59
74 724.9
76 579.801
78 498.48
80 485.914
82 427.195
84 410.358
86 395.003
88 365.776
90 325.346
92 263.499
94 222.442
96 220.59
98 191.214
100 186.252
102 176.664
104 166.863
106 145.528
108 122.283
110 98.8079
114 85.15
118 78.5498
122 64.6208
124 60.6388
126 48.701
128 47.5581
130 42.2991
132 41.5581
134 38.7839
138 29.9974
142 27.155
144 24.2658
148 21.5843
150 18.9781
156 16.3198
164 15.5488
168 14.9518
172 14.5506
180 14.4209
186 14.3644
192 14.3091
198 14.2616
202 14.2332
208 14.2299
212 14.2245
216 14.2186
220 14.2149
224 14.2108
228 14.2095
232 14.2063
240 14.2049
244 14.2032
248 14.2026
256 14.2018
262 14.2015
270 14.201
276 14.2009
280 14.2005
286 14.2004
292 14.2003
296 14.2002
306 14.2002
310 14.2001
318 14.2001
324 14.2001
328 14.2
336 14.2
342 14.2
348 14.2
356 14.2
360 14.2
366 14.2
370 14.2
378 14.2
384 14.2
392 14.2
412 14.2
415 14.2
