 DIM = 4
1 11303.8
7 10488.2
8 9622.54
11 9198.34
12 8258.07
13 7824.62
14 6437.64
16 6017.63
17 4677.31
18 4290.57
19 3142.81
21 3022.44
27 2993.28
29 2962.77
34 2838.38
35 2756.08
44 2711.81
45 2640.33
46 2569.43
47 2415.9
49 2383.36
50 2259.38
51 2172.08
52 1994.89
53 1898.45
54 1616.39
57 1417.23
58 1323.19
59 1267.03
61 1098.97
63 1025.69
78 1025.13
83 1021.72
84 1018.16
91 1017.03
94 1014.84
98 1013.05
99 1012.39
102 1011.28
106 1008.9
107 1007.46
110 1003.65
111 999.928
113 999.329
114 996.397
118 989.415
119 982.59
121 981.059
122 978.864
123 970.549
124 962.158
125 953.393
126 938.547
129 926.819
131 922.286
134 921.264
136 921.12
138 921.034
141 918.261
143 917.842
149 917.697
151 917.384
153 917.35
155 917.321
157 917.2
159 917.175
163 917.157
165 917.14
168 917.111
172 917.107
175 917.08
188 917.074
189 917.07
191 917.058
192 917.052
193 917.042
194 917.025
195 917.022
196 917.003
197 916.995
198 916.969
199 916.95
200 916.915
201 916.892
202 916.838
203 916.829
204 916.777
205 916.708
206 916.59
207 916.534
208 916.338
211 916.065
212 915.759
215 915.468
216 915.061
217 915.032
218 914.671
220 914.238
221 913.609
222 913.368
223 912.613
226 911.904
227 911.46
229 911.13
230 910.638
232 909.721
233 909.383
235 908.107
236 907.443
241 905.881
242 904.784
247 904.263
251 903.852
252 903.777
254 903.772
258 903.768
261 903.439
263 903.352
265 903.328
270 903.274
272 903.259
278 903.251
280 903.249
281 903.243
284 903.24
286 903.238
290 903.237
292 903.237
295 903.235
297 903.235
304 903.235
306 903.234
308 903.234
314 903.234
317 903.234
325 903.234
327 903.234
329 903.234
331 903.234
333 903.234
340 903.234
342 903.234
