 DIM = 8
1 9.39348
4 9.17402
10 7.73854
12 5.39261
13 3.04661
17 2.37894
18 0.600468
20 0.421329
21 0.343802
22 0.323481
35 0.298793
37 0.182198
40 0.137811
45 0.124243
47 0.108025
49 0.093782
51 0.087727
53 0.071188
57 0.050184
60 0.039197
64 0.03906
66 0.035567
68 0.033665
70 0.03312
72 0.031016
74 0.024711
76 0.024514
78 0.022175
80 0.021029
82 0.02054
87 0.020176
90 0.018565
94 0.015761
102 0.013583
103 0.013362
113 0.010774
114 0.009032
121 0.0082
123 0.006868
124 0.006714
133 0.006707
145 0.006631
147 0.00601
149 0.005551
150 0.005459
157 0.005213
158 0.004818
160 0.004724
161 0.004455
165 0.004323
171 0.004242
173 0.004111
180 0.003532
181 0.003434
191 0.003355
197 0.003154
204 0.003138
206 0.003037
212 0.002913
217 0.00281
225 0.002614
226 0.00256
231 0.00253
234 0.002481
237 0.002345
238 0.002342
240 0.002218
245 0.002114
247 0.001987
248 0.001883
256 0.001812
258 0.001707
260 0.001675
268 0.001588
270 0.001519
271 0.0015
283 0.001445
291 0.001439
296 0.001406
298 0.001405
308 0.00139
311 0.001371
314 0.001345
325 0.001343
331 0.001337
333 0.001328
336 0.001317
338 0.001309
339 0.001302
343 0.001289
344 0.001284
345 0.00128
346 0.001278
349 0.001233
350 0.001193
359 0.00118
360 0.001161
361 0.001156
362 0.00114
364 0.001119
365 0.001078
368 0.001067
369 0.001052
370 0.000999
371 0.000925
373 0.000913
374 0.00082
377 0.000803
378 0.000721
381 0.000685
384 0.000669
387 0.000553
388 0.000534
394 0.000519
407 0.000511
409 0.000509
412 0.000505
414 0.000504
417 0.0005
419 0.000498
424 0.000494
431 0.000492
437 0.00049
439 0.000489
444 0.000488
451 0.000487
456 0.000484
457 0.000483
468 0.000481
469 0.00048
471 0.000479
475 0.000476
476 0.000472
481 0.000471
482 0.00047
484 0.000466
485 0.00046
490 0.000457
491 0.000455
493 0.000453
494 0.000451
495 0.000446
496 0.000439
498 0.000438
499 0.00043
504 0.000417
505 0.000408
511 0.000402
512 0.00039
514 0.000388
515 0.000371
520 0.000356
521 0.000338
523 0.000336
524 0.000319
528 0.000305
529 0.000285
530 0.00028
531 0.000251
536 0.000248
538 0.000221
539 0.000197
541 0.000196
542 0.000173
545 0.000169
546 0.000153
551 0.000144
555 0.000125
557 0.00012
567 0.000114
572 0.000102
581 9.7e-05
582 9.6e-05
583 9.1e-05
584 9e-05
588 7.6e-05
589 6.8e-05
597 6.2e-05
600 6.1e-05
602 5.4e-05
606 4.6e-05
607 4.5e-05
609 3.7e-05
610 3.4e-05
617 2.4e-05
619 1.5e-05
620 1.3e-05
632 1.1e-05
637 8e-06
641 7e-06
647 6e-06
651 4e-06
668 3e-06
