 DIM = 2
1 1.79577e+06
2 1.78239e+06
3 1.42722e+06
4 1.12141e+06
5 1.11084e+06
6 849564
7 474477
8 187670
9 112606
10 7750.83
17 5606.69
19 3262.12
21 33.92
30 29.3273
34 26.9757
36 25.6443
39 25.2506
45 25.2487
46 25.2369
48 25.221
51 25.1942
54 25.1839
55 25.1646
59 25.1538
60 25.1413
61 25.1278
62 25.1096
63 25.0787
64 25.04
65 25.0072
66 24.9542
67 24.8658
68 24.7495
69 24.6679
70 24.5106
71 24.2631
72 23.9268
73 23.6625
74 23.1057
75 22.5805
76 22.1
77 21.5173
83 21.1619
84 20.7765
86 20.607
88 20.179
90 20.0575
92 19.6792
94 19.6062
96 19.2412
99 18.8378
103 18.4657
104 18.4147
105 18.0214
106 17.6751
109 17.119
110 16.7472
113 16.5818
114 16.1562
115 15.3057
116 14.6897
117 13.9078
123 13.5633
124 13.1142
126 12.5194
129 11.8488
133 11.7635
135 11.3208
136 11.2512
137 10.8488
138 10.591
140 9.50156
141 8.94302
147 8.255
152 7.75087
153 7.42974
155 6.93921
156 6.4972
159 6.41836
160 6.04023
162 5.89326
163 5.29809
164 4.89261
167 4.81042
168 4.46247
170 4.10808
173 3.97977
177 3.67651
178 3.54258
179 3.44611
182 3.37685
183 3.26872
184 3.22521
186 2.90744
187 2.70519
191 2.461
192 2.17407
198 2.04633
199 2.01882
200 1.79754
201 1.65472
205 1.42388
209 1.39058
210 1.3424
211 1.15487
213 1.06889
214 0.929217
216 0.928659
218 0.816638
221 0.770869
223 0.680556
226 0.622523
230 0.615583
231 0.611935
232 0.538108
233 0.495796
234 0.483687
235 0.446561
236 0.402443
238 0.267074
244 0.220133
245 0.20902
248 0.17125
249 0.167775
252 0.138778
253 0.128547
255 0.075161
256 0.071829
259 0.060647
261 0.021372
267 0.014087
271 0.008945
272 0.007832
274 0.001413
279 0.001249
280 3.8e-05
292 1.9e-05
294 1.1e-05
296 2e-06
301 1e-06
303 0
