 DIM = 12
1 1808.85
14 1733.24
15 1646.7
27 1631.52
28 1554.84
33 1554.46
34 1477.02
38 1466.74
39 1380.59
44 1366.46
45 1282.94
48 1282.24
49 1189.49
54 1182.06
55 1110.06
59 1105.35
60 1074.95
63 1063.79
64 1049.36
80 1049.15
84 1034.26
85 1031.51
90 1029.26
91 1027.47
92 1023.93
93 1016.65
94 1013
95 998.05
103 994.721
104 983.103
114 973.98
115 955.047
121 954.79
122 951.587
124 948.735
126 932.84
127 921.424
130 920.015
131 910.427
132 901.353
133 873.971
139 864.234
140 853.371
142 847.918
143 840.085
144 838.472
148 821.584
149 816.945
152 805.88
153 802.253
154 792.094
155 787.197
157 775.974
163 766.65
166 761.062
177 746.494
184 738.08
185 732.952
198 725.475
201 725.392
203 720.916
206 718.708
208 708.193
209 704.51
214 698.936
215 697.415
218 683.049
219 671.237
225 666.697
226 665.988
231 649.208
232 644.553
234 630.384
235 612.08
242 611.349
243 601.601
249 589.631
250 577.009
253 565.082
254 539.862
263 539.249
265 533.461
267 507.608
268 497.039
269 494.724
270 478.313
278 453.214
279 446.277
281 442.995
285 429.473
294 414.671
308 404.272
313 391.317
321 387.486
334 376.864
348 376.842
352 375.931
356 375.65
360 366.676
361 364.387
363 358.758
364 351.45
373 347.483
374 340.108
380 336.647
383 330.653
384 325.036
388 324.138
390 318.817
393 313.65
394 312.452
397 303.809
399 302.568
401 298.99
404 298.275
406 288.025
407 279.391
412 271.4
413 270.017
414 266.717
419 256.235
420 255.513
421 248.634
422 242.841
423 241.358
424 235.685
428 234.979
432 226.95
436 219.391
442 214.131
444 214.011
447 209.904
455 204.808
457 202.587
459 201.799
466 197.045
472 192.292
477 189.813
482 185.614
497 178.338
509 173.605
518 173.009
527 170.832
530 169.814
532 168.853
534 167.094
535 167.077
540 165.209
544 164.892
546 162.38
550 159.543
556 157.733
561 156.716
572 155.038
576 154.839
578 154.332
584 152.025
589 151.221
600 149.399
601 146.761
615 146.436
617 144.442
618 143.006
625 141.102
626 139.78
629 139.679
630 139.169
631 137.895
632 136.377
633 135.897
634 133.927
639 133.484
642 132.676
644 130.866
645 130.627
647 130.159
652 129.099
654 128.86
662 128.257
665 128.217
666 127.834
670 126.879
676 125.723
680 125.653
693 125.236
695 125.199
709 124.185
712 124.177
732 124.103
734 123.949
735 123.825
739 123.683
745 123.201
759 123.131
766 122.978
768 122.721
769 122.632
777 122.558
778 122.508
780 122.447
783 122.347
785 122.347
790 122.071
794 121.793
807 121.487
812 121.328
827 120.965
851 120.803
852 120.651
858 120.517
866 120.511
869 120.354
877 120.321
878 120.076
889 119.846
890 119.571
898 119.294
899 119.183
907 119.133
912 118.909
916 118.892
918 118.742
919 118.691
922 118.676
925 118.648
928 118.54
930 118.224
934 118.065
935 118.013
947 117.892
948 117.648
957 117.622
962 117.564
964 117.355
966 117.269
969 117.121
970 116.932
976 116.799
981 116.703
983 116.526
987 116.412
989 116.204
990 116.027
999 115.961
1001 115.863
1003 115.807
1009 115.742
1010 115.679
1012 115.38
1014 115.364
1015 115.218
1016 115.087
1017 114.788
1022 114.695
1023 114.639
1025 114.112
1026 113.926
1028 113.655
1029 113.178
1033 112.824
1034 112.309
1038 111.928
1039 111.778
1041 111.417
1045 110.721
1046 110.51
1047 110.466
1048 110.437
1051 109.729
1052 109.539
1054 109.103
1067 109.045
1068 108.955
1071 108.953
1072 108.556
1078 108.535
1083 108.519
1088 108.47
1090 108.373
1091 108.198
1097 107.972
1109 107.95
1114 107.908
1118 107.866
1120 107.623
1121 107.602
1129 107.544
1131 107.479
1135 107.354
1147 107.326
1160 107.27
