 DIM = 11
1 199.685
8 195.815
13 178.974
14 159.927
27 157.438
28 142.719
32 138.762
33 120.323
38 118.19
39 100.133
42 99.7667
43 79.2629
46 78.6248
47 55.9543
52 49.8233
53 31.6943
58 29.7818
59 23.8176
105 23.8
112 23.7968
114 23.7823
116 23.7783
118 23.7741
124 23.766
126 23.7588
127 23.7362
146 23.7202
147 23.7125
156 23.7037
158 23.6903
159 23.6762
164 23.6567
165 23.6301
172 23.5951
173 23.542
179 23.5409
180 23.4742
187 23.4312
188 23.3312
194 23.3047
195 23.1748
201 23.0956
202 22.8921
207 22.8749
208 22.5963
212 22.5816
213 22.1837
218 22.0578
220 21.8628
222 21.7773
225 21.5355
232 21.5221
256 21.5194
260 21.4578
303 21.4539
319 21.448
321 21.4375
322 21.3978
338 21.3972
339 21.3701
342 21.3563
343 21.3065
348 21.2988
349 21.2493
352 21.2451
354 21.2432
355 21.2119
356 21.1899
357 21.0969
362 21.0509
363 20.9081
368 20.8804
369 20.744
372 20.7401
373 20.5323
376 20.4759
377 20.117
382 20.095
383 19.7079
386 19.6872
387 19.0601
392 18.7998
393 17.7437
397 17.5667
398 16.3769
402 15.606
403 12.7038
407 11.8058
423 10.0577
424 6.20489
453 6.18252
454 4.30204
462 4.03975
467 2.53064
473 1.98836
477 1.81352
539 1.81006
541 1.80561
545 1.80421
548 1.80055
550 1.79827
558 1.79607
567 1.79425
571 1.79283
576 1.79181
583 1.79163
589 1.79144
591 1.79095
594 1.79067
598 1.79046
600 1.79039
604 1.79033
606 1.7903
608 1.79026
610 1.79022
612 1.7902
614 1.79012
616 1.79001
619 1.78999
621 1.78997
623 1.78995
627 1.78994
629 1.78992
631 1.78991
633 1.78989
639 1.78988
641 1.78986
643 1.78986
645 1.78985
647 1.78984
656 1.78984
660 1.78983
662 1.78983
666 1.78982
668 1.78982
670 1.78982
674 1.78982
678 1.78982
684 1.78982
689 1.78982
695 1.78981
699 1.78981
