 DIM = 12
1 34.3398
10 34.1745
11 33.8976
12 33.4297
18 33.3984
19 32.8664
24 32.6613
25 32.1516
31 31.9393
32 31.2646
38 31.0569
39 30.208
45 29.9569
46 28.8588
51 28.8408
52 27.6992
57 27.5346
58 26.3754
62 26.1398
63 25.8799
65 25.6363
66 25.4796
82 25.3447
83 25.1819
89 25.1664
90 24.8907
97 24.859
98 24.6508
101 24.4803
102 24.0154
108 23.8898
109 23.4292
111 23.3648
112 22.5749
119 22.3621
120 21.5562
124 21.363
125 20.3263
131 19.8533
132 18.3271
141 17.9751
142 16.5828
147 16.1966
148 14.5544
155 14.4128
156 13.7482
162 13.3708
163 12.4756
183 12.4687
188 12.3425
190 12.1407
191 11.9333
196 11.1478
197 10.1137
209 9.89032
210 9.54306
212 8.39387
213 6.59022
220 6.25165
221 4.70426
227 4.29667
230 4.06928
237 4.0671
246 3.91985
263 3.89989
271 3.87267
273 3.84505
279 3.81799
281 3.79759
283 3.79459
296 3.78609
297 3.7743
305 3.76391
307 3.746
313 3.741
316 3.72526
322 3.69556
324 3.67927
337 3.67847
346 3.66029
348 3.64267
351 3.63997
352 3.62673
364 3.60928
367 3.58696
368 3.55425
377 3.52515
378 3.46475
386 3.44685
387 3.40365
391 3.39404
392 3.34739
397 3.31301
398 3.23637
403 3.23443
404 3.18617
408 3.17255
409 3.08724
414 3.06474
415 2.9775
418 2.97672
419 2.89115
427 2.841
428 2.76997
434 2.76911
436 2.73726
438 2.72806
440 2.66738
449 2.6278
460 2.60662
463 2.55132
464 2.50824
487 2.46472
488 2.4179
494 2.41036
495 2.38639
497 2.36315
498 2.34572
499 2.33795
500 2.28938
503 2.25999
504 2.17838
512 2.12394
515 2.11246
516 2.06576
519 2.06377
521 2.01222
522 2.00317
524 1.93521
531 1.88755
535 1.80896
536 1.67106
558 1.66919
560 1.64452
561 1.54366
566 1.49524
572 1.43431
577 1.41792
581 1.40339
584 1.37841
585 1.3002
600 1.28697
608 1.2774
610 1.19398
611 1.12732
623 1.1264
627 1.10306
636 1.07836
649 1.07767
651 1.06713
653 1.05127
685 1.04902
691 1.04893
695 1.04873
698 1.04607
700 1.04171
711 1.03945
720 1.03473
747 1.03375
748 1.03235
750 1.03135
753 1.03066
756 1.0288
758 1.02706
759 1.0229
767 1.02251
768 1.01899
771 1.01811
772 1.01737
775 1.01302
783 1.01049
784 1.01021
786 1.00805
787 1.00658
789 1.00578
791 1.00297
792 1.00208
795 0.996935
798 0.99506
801 0.990357
805 0.990175
810 0.989406
816 0.985475
822 0.974562
823 0.968394
842 0.96837
843 0.964567
846 0.963931
847 0.962263
849 0.954403
853 0.953548
854 0.949573
857 0.944722
858 0.937237
860 0.932591
861 0.918308
871 0.914232
873 0.911802
874 0.906381
880 0.900175
881 0.894661
884 0.892203
885 0.891016
886 0.87995
887 0.86723
894 0.860271
895 0.852478
899 0.846352
900 0.832689
911 0.815983
912 0.815482
913 0.813133
917 0.810061
927 0.8075
936 0.806031
941 0.805457
942 0.80482
944 0.80387
953 0.799139
955 0.798345
960 0.798014
963 0.79758
965 0.797421
968 0.796714
974 0.794766
990 0.794557
991 0.790725
1032 0.788628
1034 0.788487
1056 0.787251
1057 0.785888
1073 0.783782
1074 0.782631
1075 0.782554
1076 0.781003
1082 0.780606
1083 0.778426
1087 0.777267
1088 0.775438
1094 0.774008
1095 0.770002
1099 0.769899
1100 0.767681
1103 0.766164
1104 0.761153
1110 0.757794
1111 0.750481
1118 0.749169
1119 0.743184
1122 0.74214
1123 0.73359
1128 0.732084
1129 0.72931
1131 0.728442
1142 0.726144
1144 0.724975
1164 0.724393
1171 0.723958
1172 0.722561
1176 0.721492
1178 0.720144
1187 0.719983
1201 0.718499
1202 0.718175
1212 0.718006
1218 0.71718
1219 0.716205
1224 0.715815
1225 0.714947
1231 0.714598
1232 0.714489
1234 0.711692
1235 0.710715
1238 0.709266
1239 0.706898
1247 0.702973
1253 0.702337
1254 0.698083
1260 0.697217
1261 0.692468
1266 0.690977
1267 0.688752
1273 0.688254
1275 0.682064
1276 0.679787
1281 0.678839
1282 0.677941
1287 0.676564
1293 0.671022
1294 0.670061
1299 0.663971
1304 0.663242
1319 0.660301
1320 0.65859
1332 0.655228
1344 0.65198
1345 0.649462
1363 0.64727
1371 0.645651
1386 0.645405
1397 0.645345
1398 0.644572
1399 0.644364
1401 0.643756
1404 0.643415
1408 0.641661
1409 0.641112
1428 0.639766
1429 0.639613
1431 0.639016
1438 0.638252
1439 0.637993
1445 0.637711
1450 0.637379
1452 0.637265
1453 0.637153
1460 0.635312
1461 0.633455
1474 0.631871
1475 0.629993
1484 0.629174
1485 0.627326
1488 0.626468
1489 0.623386
1495 0.622538
1496 0.619664
1498 0.619012
1499 0.615177
1505 0.613157
1506 0.612927
1507 0.611067
1509 0.609541
1510 0.606477
1512 0.605357
1513 0.603078
1535 0.601905
1544 0.60033
1554 0.5989
1555 0.597881
1565 0.596314
1566 0.59546
1571 0.595346
1572 0.594012
1579 0.593297
1580 0.591629
1582 0.591135
1583 0.59016
1587 0.587152
1588 0.585618
1591 0.585361
1592 0.581982
1597 0.579206
1599 0.579126
1600 0.578455
1605 0.578313
1609 0.578113
1617 0.578023
1618 0.574907
1621 0.570775
1622 0.568888
1632 0.568264
1633 0.565239
1639 0.562482
1640 0.55727
1648 0.556389
1649 0.553739
1654 0.552085
1666 0.551061
1672 0.544774
1673 0.541556
1692 0.540987
1705 0.535969
1706 0.534859
1725 0.533557
1726 0.53134
1733 0.530648
1735 0.530083
1736 0.528906
1739 0.526976
1740 0.525771
1742 0.521806
1743 0.516126
1761 0.514987
1762 0.514745
1772 0.514737
1774 0.512896
1775 0.511607
1781 0.511478
1783 0.51085
1784 0.508791
1796 0.507812
1799 0.507296
1804 0.507073
1806 0.50584
1808 0.505756
1809 0.505367
1813 0.504698
1819 0.504634
1821 0.503805
1824 0.499975
1825 0.499075
1837 0.496643
1838 0.493934
1850 0.492961
1856 0.491259
1858 0.490086
1865 0.48856
1870 0.486499
1871 0.485741
1879 0.483329
1884 0.482257
1885 0.480747
1891 0.479075
1892 0.477174
1896 0.476115
1897 0.475047
1899 0.474278
1908 0.473578
1914 0.471138
1917 0.469839
1923 0.469721
1932 0.468695
1936 0.468617
1940 0.465707
