 DIM = 8
1 9.38789
4 9.1805
10 7.73081
12 5.39358
13 3.0488
17 2.37699
18 0.599879
20 0.420923
21 0.344119
22 0.32337
35 0.299086
37 0.182112
40 0.137784
45 0.12429
47 0.107944
49 0.093689
51 0.087703
53 0.071155
57 0.050228
60 0.039221
64 0.039074
66 0.035603
68 0.033664
70 0.033147
72 0.031038
74 0.02473
76 0.024523
78 0.022195
80 0.021047
82 0.020558
87 0.020196
90 0.018583
94 0.015771
102 0.01359
103 0.013373
113 0.010784
114 0.009037
121 0.0082
123 0.006862
124 0.006714
133 0.006703
145 0.006634
147 0.006015
149 0.005552
150 0.005461
157 0.005216
158 0.00482
160 0.004727
161 0.004452
164 0.00441
171 0.00418
173 0.003878
180 0.003823
183 0.003725
188 0.003552
198 0.00353
205 0.003519
207 0.003499
210 0.003423
211 0.003241
212 0.00321
213 0.003142
214 0.003086
223 0.003012
225 0.002879
226 0.002727
231 0.002721
232 0.002715
235 0.002572
236 0.002568
237 0.002381
238 0.002232
249 0.002106
252 0.001998
264 0.001839
278 0.00177
279 0.001716
287 0.001641
291 0.001611
309 0.00159
317 0.001558
326 0.001557
338 0.001554
341 0.001553
343 0.001531
344 0.001527
350 0.001526
355 0.001513
358 0.001492
359 0.001477
369 0.001473
373 0.001461
374 0.001449
378 0.001435
379 0.001418
383 0.001394
384 0.001357
393 0.001327
394 0.001304
395 0.001296
396 0.001259
398 0.001256
399 0.001205
404 0.001173
405 0.00116
406 0.001132
407 0.001073
411 0.001037
412 0.000981
416 0.000959
417 0.000935
418 0.000895
419 0.000845
423 0.000823
425 0.000765
444 0.000749
446 0.000743
456 0.000731
465 0.000725
470 0.00072
472 0.000717
479 0.000716
491 0.000714
496 0.000713
502 0.000712
516 0.000711
