 DIM = 5
1 15.5
6 15.278
7 15.234
8 14.9714
11 14.829
12 14.4454
14 14.3711
15 13.9083
17 13.639
18 12.8841
19 12.8585
20 11.7078
22 11.4685
23 11.0806
24 10.273
31 9.10463
32 8.99822
37 8.52826
42 8.05065
47 7.60375
48 7.34749
61 7.25315
69 7.04005
71 7.03804
77 6.96951
82 6.94488
84 6.90603
86 6.75114
93 6.71739
94 6.65646
103 6.52053
104 6.39831
108 6.29945
109 6.17486
110 6.074
111 5.78483
115 5.77861
116 5.5833
117 5.41988
118 5.00958
121 4.79072
122 4.39202
123 4.36762
125 3.94842
126 3.33465
140 2.86326
143 2.85858
148 2.67652
151 2.39833
155 2.28297
156 2.0084
160 1.48722
161 0.950495
167 0.630459
180 0.583938
186 0.582835
188 0.576769
190 0.532101
192 0.514009
194 0.513544
203 0.507466
205 0.498161
208 0.466285
223 0.464756
230 0.449316
241 0.447898
242 0.446357
244 0.441741
254 0.437709
272 0.436909
279 0.436871
281 0.436484
282 0.435915
294 0.435564
300 0.435031
313 0.434877
319 0.43482
327 0.434745
334 0.434614
336 0.434602
338 0.4346
341 0.434597
343 0.434503
346 0.43447
349 0.434276
357 0.434155
358 0.434061
367 0.433951
369 0.433936
371 0.433822
372 0.433671
375 0.433647
376 0.433451
378 0.433427
379 0.433167
381 0.433039
382 0.432696
384 0.432397
385 0.43176
388 0.431307
389 0.430398
391 0.429945
392 0.428569
394 0.428423
395 0.426703
396 0.426503
397 0.423873
399 0.422966
400 0.419248
402 0.417312
403 0.411678
405 0.410254
406 0.402912
407 0.402909
408 0.392405
410 0.387106
411 0.370984
413 0.363626
414 0.339484
416 0.334635
417 0.30388
418 0.302494
419 0.25714
421 0.235982
422 0.221718
423 0.192584
458 0.192508
460 0.191432
464 0.191145
468 0.190481
477 0.19023
483 0.190166
489 0.190048
497 0.189998
503 0.18999
509 0.189949
515 0.189935
519 0.189932
527 0.189927
530 0.189926
532 0.18992
534 0.189917
539 0.189907
559 0.189906
563 0.189905
571 0.189904
