 DIM = 3
1 1.69338e+09
3 4.87416e+08
5 4.52016e+07
17 4.32873e+07
19 3.83443e+07
23 3.76568e+07
25 3.7022e+07
27 3.56254e+07
32 3.47524e+07
34 3.47499e+07
38 3.38501e+07
39 3.35131e+07
41 3.25809e+07
42 3.15311e+07
43 3.14767e+07
44 3.11264e+07
46 2.8967e+07
47 2.72396e+07
50 2.29703e+07
51 1.95547e+07
54 1.42104e+07
55 9.79124e+06
57 7.95407e+06
58 4.44546e+06
59 1.83113e+06
60 152380
70 64613.2
75 60591.7
77 37788.3
79 30921.1
81 28759.5
83 27605.9
85 20912.1
91 20316.1
93 19486.4
98 19377.4
102 19352.9
104 19259.8
111 19249.8
118 19246.5
