 DIM = 5
1 2.53906e+09
10 2.4541e+09
11 2.36827e+09
12 2.27395e+09
13 2.0964e+09
15 2.03058e+09
16 1.85973e+09
17 1.84299e+09
18 1.68413e+09
19 1.6828e+09
21 1.32666e+09
22 9.81823e+08
27 8.68161e+08
29 6.27341e+08
30 4.78138e+08
33 2.6341e+08
34 2.04287e+08
38 7.53577e+07
50 6.91291e+07
53 3.70823e+07
60 2.12789e+07
64 1.9736e+07
68 8.48568e+06
69 6.21765e+06
77 6.20189e+06
79 2.59569e+06
83 2.00349e+06
87 1.64819e+06
89 1.47306e+06
91 869062
95 732635
99 465850
101 394191
103 262920
106 164430
111 101790
115 73679.1
120 65602.9
121 47106.1
124 36152.1
127 24148.5
130 6858.28
141 6269.34
143 4677.81
145 4106.58
146 2896.4
151 1721.44
157 1718.85
159 1656.2
160 1097.7
163 978.215
165 818.33
167 686.478
172 496.369
178 485.097
181 302.298
182 256.171
184 229.111
188 206.654
191 179.199
192 177.802
195 138.49
196 103.178
200 64.4851
209 58.5705
211 50.4178
215 13.4726
228 7.25405
230 4.81878
237 3.32677
239 2.34007
241 2.24161
243 1.96906
245 1.15659
250 0.78803
253 0.746593
254 0.730764
257 0.596131
260 0.218596
264 0.205448
269 0.171578
273 0.081027
276 0.041904
281 0.038928
283 0.035052
285 0.03128
287 0.023079
289 0.020338
291 0.014919
295 0.013407
297 0.012593
299 0.009305
301 0.009214
306 0.007977
309 0.007394
311 0.007095
312 0.005337
318 0.005296
321 0.004821
323 0.004708
324 0.003355
340 0.00319
341 0.003186
342 0.00296
345 0.002725
348 0.002684
350 0.002455
352 0.002094
353 0.00195
356 0.001713
360 0.001096
367 0.000932
370 0.000769
372 0.000669
376 0.000408
382 0.000373
384 0.000134
395 8.8e-05
404 4.7e-05
410 1e-05
426 6e-06
428 4e-06
438 3e-06
441 2e-06
442 1e-06
