 DIM = 10
1 1354.66
12 1305.34
13 1243.84
22 1229.06
23 1169.9
27 1164.67
28 1105.14
31 1102.83
32 1037.25
35 1015.94
36 928.722
41 922.144
42 858.878
45 854.592
46 797.033
48 796.696
49 743.131
60 707.723
61 679.773
71 672.736
72 645.557
78 638.716
79 624.214
82 609.206
83 581.268
85 579.448
86 545.32
94 530.306
95 525.848
101 525.274
108 510.009
120 508.666
123 498.465
127 491.855
128 485.583
130 482.51
131 477.951
135 471.946
136 468.325
140 448.466
141 432.314
155 430.569
158 419.947
159 416.124
172 411.779
175 408.279
177 403.394
178 400.829
184 400.342
188 388.917
189 380.692
199 375.902
200 374.33
201 367.207
202 361.396
205 359.766
206 357.712
209 348.01
210 342.424
228 334.353
256 328.31
257 323.531
271 321.785
272 316.463
278 314.544
279 310.844
281 310.022
282 305.914
286 302.17
287 296.989
290 293.963
291 288.523
293 287.01
294 281.659
296 280.863
297 279.555
298 277.04
300 272.078
301 269.325
302 267.426
305 266.408
307 263.582
309 263.204
316 257.167
329 256.937
334 254.087
338 249.659
339 247.769
348 245.174
351 244.924
354 241.952
360 239.634
366 237.107
367 236.067
372 233.929
373 231.439
378 229.712
379 226.278
384 223.407
385 222.333
387 217.06
388 212.314
392 209.409
393 205.87
396 203.294
397 200.209
398 198.156
399 193.779
402 193.196
404 190.936
407 190.153
410 178.72
411 175.816
418 173.695
419 172.947
421 172.029
423 166.475
424 166.282
425 159.489
426 155.183
436 152.613
438 150.31
440 145.779
443 142.752
449 139.216
453 135.287
465 133.152
467 131.543
469 128.441
477 124.354
478 123.506
483 123.492
486 119.458
490 117.75
493 117.615
495 115.976
499 115.574
501 115.347
503 111.249
511 109.995
513 106.894
514 106.265
522 103.084
528 101.242
531 98.9199
538 98.5604
540 96.6719
547 94.3512
557 92.3744
564 90.3226
565 90.1268
571 89.7929
573 87.4178
574 85.9701
579 84.4877
580 83.0794
581 82.529
582 80.7628
586 77.6767
587 74.4003
591 72.2645
592 69.7009
597 66.5372
599 65.6082
602 65.06
604 60.9486
605 60.5577
607 59.0102
608 58.6415
609 58.2474
612 56.5362
617 52.5523
622 51.4755
627 48.966
631 48.5621
634 47.6263
643 45.8037
645 44.1459
646 43.5153
657 41.1983
658 41.0282
664 40.666
672 40.6465
675 40.459
682 39.9034
692 39.7643
694 38.747
712 38.7093
719 38.4689
723 38.4111
727 38.0425
728 37.9012
733 37.6169
734 37.4605
741 37.0727
745 36.8394
748 36.5693
749 36.4681
755 36.3839
757 35.818
758 35.7708
762 35.4207
765 35.0328
766 34.8109
769 34.371
770 33.99
773 33.9793
777 33.6735
779 32.9984
780 32.8982
781 32.7925
784 32.4943
789 32.2188
791 31.5211
792 31.4299
793 31.1618
794 31.0668
797 30.9399
799 30.8303
801 29.8546
802 29.2811
806 29.2513
809 28.9686
811 27.9326
812 27.4461
815 27.0044
817 26.1186
818 25.8898
820 25.6898
821 25.5174
825 24.9091
828 24.1333
831 23.7489
836 23.2171
845 22.8785
849 22.8226
853 22.0227
858 21.9627
862 21.6256
871 21.3367
881 21.032
892 20.9861
895 20.7276
904 20.6123
911 20.5185
919 20.38
922 20.1525
923 20.0618
931 19.9839
932 19.9481
935 19.923
942 19.6952
958 19.603
964 19.5182
967 19.507
974 19.4182
976 19.4117
982 19.4083
984 19.3399
992 19.336
997 19.3295
1006 19.3243
1007 19.299
1014 19.2987
1018 19.2794
1020 19.2747
1029 19.2577
1044 19.2407
1054 19.2289
