 DIM = 4
1 1.6154e+06
2 1.46135e+06
5 1.12635e+06
6 781935
9 614681
10 345008
11 313225
12 114841
14 64848.7
15 24875.4
16 20925
26 20539.3
27 18756.8
28 18716.4
30 17453.1
31 15277.6
33 13332.6
34 10597.5
36 8569.72
37 5936
40 4792.56
41 2854.21
44 2694.63
46 2394.21
60 2364.28
63 2363.41
68 2362.4
69 2332.99
80 2329.01
82 2324.1
84 2323.1
87 2314.83
92 2309.88
93 2306.01
94 2304.65
96 2296.6
97 2292.09
98 2286.13
99 2281.48
100 2269.18
101 2254.67
102 2254.14
104 2221.86
105 2188.29
107 2177.55
108 2158.9
109 2125.78
110 2086.62
111 2052.75
112 1983.69
115 1918.09
116 1853.22
117 1799
118 1697.72
120 1576.95
121 1428.96
123 1258.26
124 1093.67
127 1016.52
128 823.354
130 690.195
131 493.353
132 318.726
133 130.313
135 16.4329
144 10.599
153 8.40908
156 6.65455
158 4.29158
160 0.954911
166 0.761481
176 0.511577
178 0.42548
183 0.306927
184 0.177746
188 0.093396
193 0.063856
200 0.02912
201 0.028441
202 0.022389
208 0.0033
223 0.002455
225 0.001763
227 0.001611
230 0.000501
231 0.000246
233 6.6e-05
244 2e-05
254 1.5e-05
255 2e-06
278 1e-06
