 DIM = 9
1 0.028862
5 0.028182
9 0.027421
13 0.023586
20 0.020601
38 0.020377
40 0.018783
45 0.018293
49 0.016297
54 0.015787
61 0.015419
71 0.015036
73 0.014499
77 0.013443
85 0.013248
95 0.012983
101 0.012568
113 0.012186
114 0.011856
122 0.011717
124 0.011399
125 0.011122
130 0.010698
131 0.010465
133 0.010143
134 0.009312
137 0.009187
138 0.008456
145 0.007775
148 0.007598
152 0.007074
156 0.006686
171 0.006505
180 0.006397
182 0.005913
189 0.005634
196 0.005562
199 0.005554
208 0.005212
209 0.004979
217 0.004774
218 0.004616
222 0.004538
223 0.00449
225 0.004476
227 0.004352
231 0.004297
239 0.004071
240 0.003994
243 0.003977
247 0.003962
253 0.003749
270 0.003676
281 0.003662
284 0.00366
288 0.003656
290 0.003642
291 0.003616
302 0.003588
304 0.003583
313 0.003576
314 0.003572
316 0.003547
317 0.003525
323 0.003516
324 0.003498
327 0.003489
328 0.003471
329 0.003449
330 0.003398
333 0.003389
334 0.003339
336 0.003318
337 0.003237
340 0.003235
341 0.003178
344 0.003168
345 0.003165
346 0.003052
347 0.002932
352 0.002865
353 0.002757
355 0.002726
356 0.002518
360 0.002485
361 0.002261
363 0.002067
364 0.001464
369 0.001379
370 0.001028
371 0.00097
373 0.000915
384 0.000906
392 0.000855
396 0.000847
399 0.000737
405 0.000714
416 0.000693
421 0.000688
425 0.000664
432 0.000647
434 0.000617
435 0.000589
444 0.000582
445 0.000558
450 0.000546
451 0.00051
458 0.000481
460 0.000476
462 0.000445
463 0.000418
475 0.000389
476 0.000381
486 0.000375
488 0.000372
494 0.000352
495 0.000347
497 0.000345
506 0.000332
511 0.00033
513 0.000318
521 0.000317
523 0.0003
524 0.000292
531 0.000288
535 0.000283
540 0.000273
542 0.000263
543 0.000255
549 0.000249
550 0.000245
554 0.000229
555 0.000214
562 0.000207
564 0.000204
567 0.0002
569 0.000199
571 0.000186
576 0.000177
580 0.000167
584 0.000163
590 0.000156
604 0.000155
608 0.000154
609 0.00015
613 0.000146
626 0.000145
628 0.000141
632 0.00014
649 0.000139
659 0.000138
667 0.000137
685 0.000136
