 DIM = 6
1 2.32337e+06
10 2.31521e+06
11 2.27045e+06
13 2.25291e+06
14 2.1863e+06
17 2.15395e+06
18 2.07008e+06
20 2.0509e+06
21 1.94254e+06
24 1.87759e+06
25 1.73572e+06
27 1.72446e+06
28 1.56536e+06
30 1.55449e+06
31 1.3798e+06
33 1.23627e+06
34 968634
37 933780
38 699979
40 642992
41 413401
43 362265
44 177428
46 135004
47 31948.3
49 24351
51 18267.5
53 13043.8
66 12762.2
68 12378.7
72 11596.6
76 11543.1
79 11325.6
81 11216.6
84 10843.7
90 10433.9
91 10382.8
94 10225.5
95 10115.2
97 9987.88
100 9284.98
101 8677.33
102 8600.64
103 7707.73
108 6595.58
109 5440.28
114 4851.57
115 3935.34
118 3711.28
119 3449.63
120 3240.11
121 2774.02
122 2612.97
123 2139.2
124 1843.87
125 1253.14
141 1141.02
143 1124.91
157 1116.17
158 1102.77
164 1100.05
173 1099.18
174 1098.57
176 1095.37
179 1084.29
192 1080.56
193 1075.92
199 1074.61
200 1070.5
203 1061.94
204 1050.9
207 1049.97
208 1037.63
211 1030.53
212 1019.35
213 1015.82
214 995.323
216 990.439
217 965.712
219 951.328
220 910.069
223 890.183
224 844.911
226 832.002
227 791.232
228 766.595
229 682.993
232 655.516
233 587.458
235 558.662
236 502.375
237 480.829
238 388.248
243 362.21
245 354.5
247 259.534
248 208.235
252 203.508
256 174.468
265 152.292
266 146.146
270 105.827
271 83.8812
278 70.6434
288 70.5954
290 68.0473
295 64.8147
305 63.6795
311 61.9175
316 60.1629
317 59.8753
321 59.3796
322 59.3285
326 59.1039
328 58.9737
330 56.2175
331 54.245
337 52.7832
338 51.25
340 48.6631
341 46.9303
344 42.8184
345 34.7912
347 33.7866
348 31.5946
349 30.4832
354 16.2829
367 13.887
368 13.379
369 11.3712
370 9.75749
386 9.75742
390 9.59095
394 9.4102
400 9.31918
417 9.31797
419 9.30603
421 9.30594
423 9.30199
425 9.30183
427 9.29676
432 9.29643
435 9.29386
437 9.29106
443 9.29064
444 9.28628
452 9.28498
453 9.28416
456 9.28205
457 9.27845
461 9.27628
462 9.27385
463 9.27331
464 9.27124
465 9.2687
466 9.26383
467 9.26042
468 9.25008
471 9.24962
473 9.23672
474 9.22403
476 9.216
477 9.19478
480 9.18938
481 9.16989
482 9.16716
483 9.14603
485 9.1288
486 9.09319
487 9.08329
488 9.02181
491 8.99084
492 8.92055
494 8.90425
495 8.86036
496 8.84324
497 8.78026
498 8.74425
499 8.60504
501 8.5751
502 8.47781
504 8.46034
506 8.41318
508 8.19562
509 7.98765
515 7.84978
516 7.68885
519 7.60374
520 7.47424
521 7.34846
522 7.11088
525 6.98871
526 6.87192
539 6.86839
541 6.85152
545 6.84713
547 6.84592
549 6.84568
551 6.83734
559 6.83556
560 6.83103
569 6.82999
572 6.82908
574 6.82872
577 6.82833
581 6.82811
584 6.82787
587 6.82785
588 6.82777
593 6.82736
598 6.82728
606 6.82713
612 6.82712
619 6.82709
620 6.82695
621 6.82692
627 6.82691
628 6.82688
631 6.82681
634 6.82669
635 6.82658
640 6.82638
641 6.82619
644 6.82616
645 6.82611
646 6.82604
647 6.82598
649 6.82554
650 6.82513
655 6.82497
656 6.82469
657 6.82456
658 6.82412
660 6.82343
661 6.82245
664 6.82228
665 6.82161
666 6.82131
667 6.82017
670 6.81932
671 6.81829
672 6.81722
673 6.81481
677 6.81468
678 6.81451
679 6.81414
681 6.81367
683 6.81073
684 6.80887
691 6.8059
692 6.8026
696 6.80204
697 6.79888
701 6.79397
702 6.78846
705 6.78711
706 6.78224
708 6.78203
709 6.78017
710 6.77082
711 6.75902
717 6.74181
718 6.72442
723 6.71902
724 6.71273
725 6.70468
726 6.69732
727 6.69714
728 6.6884
729 6.67556
730 6.65528
734 6.64724
737 6.6232
738 6.60761
742 6.5992
743 6.59419
745 6.58594
747 6.5463
748 6.51377
754 6.51375
756 6.47915
757 6.4637
758 6.4331
759 6.39119
763 6.34188
764 6.29595
767 6.22017
768 6.14059
770 6.11462
771 6.01805
774 5.83811
775 5.57019
776 5.54617
777 4.91528
780 4.86276
781 4.02068
783 3.32193
784 2.97703
785 2.74436
787 2.47169
789 2.09721
804 1.93701
809 1.82732
810 1.64206
816 1.5202
817 1.51776
830 1.47784
834 1.45097
843 1.45048
846 1.43976
849 1.40339
850 1.38498
851 1.3724
852 1.33612
858 1.29645
859 1.24657
863 1.21973
864 1.16767
869 1.12492
871 1.11654
873 1.11574
875 1.06272
876 1.02473
879 1.01521
885 1.01216
889 1.00009
893 0.990891
895 0.981893
901 0.975674
903 0.961109
904 0.960913
912 0.956421
913 0.956193
914 0.955296
917 0.953996
921 0.951418
931 0.95025
933 0.950066
935 0.949226
942 0.948878
944 0.948549
945 0.947843
947 0.946895
949 0.945964
959 0.943886
960 0.942339
966 0.940946
967 0.940246
969 0.938391
970 0.935988
973 0.935544
974 0.934153
975 0.932131
976 0.92878
978 0.926436
979 0.921662
981 0.917761
982 0.909383
984 0.907278
985 0.895447
987 0.893271
988 0.87899
990 0.87781
991 0.867183
992 0.859498
993 0.842158
994 0.838486
995 0.808601
997 0.805046
998 0.784181
999 0.770411
1000 0.726957
1003 0.708918
1004 0.691527
1007 0.669518
1009 0.658798
1015 0.636753
1019 0.625457
1020 0.607893
1023 0.591516
1026 0.57268
1027 0.57189
1028 0.548844
1029 0.526674
1033 0.486006
1037 0.483659
1041 0.480329
1043 0.474525
1045 0.447678
1048 0.427733
1049 0.421762
