 DIM = 9
1 1125
19 1124.32
20 1118.97
24 1117.74
25 1111.26
28 1109.86
29 1101.39
32 1100.85
33 1090.75
36 1086.69
37 1071.3
41 1069.89
42 1054.13
45 1051.03
46 1031.39
49 1027.37
50 1002.66
54 993.965
55 966.017
57 965.478
58 928.736
63 918.44
64 888.104
67 880.267
68 852.941
71 846.441
72 822.913
83 806.062
84 790.446
92 788.035
94 768.534
95 747.492
104 737.303
105 719.739
110 713.051
111 704.83
113 689.783
114 668.719
119 663.158
120 656.19
122 650.37
124 625.792
125 600.532
142 591.421
143 576.632
147 566.477
148 554.046
150 544.036
151 522.391
154 515.868
155 500.721
156 489.315
157 460.017
160 440.823
161 399.76
168 389.58
170 365.587
171 360.739
173 345.29
175 339.384
177 321.057
179 318.418
182 299.423
188 298.871
190 284.454
195 278.258
201 277.101
204 256.255
205 256.123
210 236.328
211 226.732
228 218.885
230 205.846
231 195.549
237 195.216
240 189.038
244 181.744
245 180.377
247 179.349
250 169.638
255 161.197
257 158.617
260 157.461
273 154.8
275 152.93
277 144.647
278 140.945
285 140.147
290 133.459
291 131.773
305 125.705
313 124.969
317 118.293
318 117.778
326 117.218
328 115.698
335 113.314
338 113.306
340 112.809
342 109.309
345 108.071
349 105.521
357 104.59
359 103.906
363 99.9502
364 99.7681
366 96.0261
367 93.8459
373 93.1598
376 92.2579
378 91.3146
380 83.8783
381 77.9728
387 77.3344
388 75.7042
390 71.4472
391 69.1813
393 68.1883
396 63.5394
398 60.0877
399 58.871
400 56.7237
402 53.1508
403 51.2439
408 48.6876
416 44.6343
433 43.0335
441 41.6494
447 40.7556
449 40.2445
458 40.2392
461 38.9242
463 38.1389
478 37.9642
492 37.909
500 37.7261
508 37.5964
514 37.5751
516 37.5107
521 37.3537
531 37.2313
532 37.1999
538 37.1563
546 37.1055
549 36.9837
550 36.9674
551 36.9623
555 36.8782
557 36.8279
559 36.8255
563 36.8017
565 36.6451
570 36.5821
577 36.5607
579 36.5078
581 36.5056
586 36.3897
594 36.3463
595 36.3418
596 36.3056
604 36.1747
605 36.1601
610 36.1393
631 36.1255
638 36.1204
641 36.1072
650 36.1028
655 36.1019
658 36.0987
659 36.085
679 36.0846
684 36.0757
685 36.0711
695 36.0709
696 36.0698
700 36.0693
703 36.0646
705 36.0643
709 36.0589
715 36.0543
720 36.0542
722 36.0509
726 36.0487
729 36.0457
734 36.0415
742 36.0381
747 36.0363
757 36.0308
758 36.0286
767 36.0265
768 36.0258
770 36.0249
773 36.0229
775 36.0193
776 36.0185
780 36.0157
784 36.0151
789 36.0132
793 36.0107
795 36.0098
798 36.0098
801 36.0098
808 36.0074
819 36.0059
821 36.0056
831 36.0052
833 36.0044
835 36.0041
843 36.0037
845 36.0027
856 36.0025
862 36.002
867 36.0019
875 36.0009
876 36.0007
893 36.0004
898 36.0003
912 36.0002
914 36.0002
916 36.0002
918 36.0002
920 36.0001
921 36.0001
925 36.0001
928 36.0001
929 36.0001
934 36.0001
937 36
939 36
941 36
949 36
951 36
953 36
959 36
964 36
966 36
971 36
980 36
987 36
990 36
1011 36
