 DIM = 11
1 199.878
3 199.86
4 199.856
5 199.745
8 196.002
13 178.851
14 159.921
27 157.339
28 142.805
31 142.788
32 124.77
36 123.916
37 104.279
41 98.6942
42 75.5038
47 73.4628
48 53.1996
52 48.69
53 31.3098
58 29.5611
59 23.7163
61 23.6444
117 23.6158
121 23.5342
122 23.4334
142 23.4171
143 23.3123
146 23.2909
147 23.1483
154 23.1445
155 22.9641
159 22.9341
160 22.6382
166 22.3874
167 21.8236
173 21.7277
174 20.9575
178 20.8799
179 19.5811
183 19.3868
184 17.0357
187 16.6201
189 15.6854
191 15.4819
193 13.4722
205 12.7127
214 12.0211
215 8.83094
238 7.47762
249 5.68946
250 4.32313
258 3.92785
260 2.71081
275 2.29858
282 2.12023
285 1.91006
314 1.87185
320 1.84906
329 1.84777
333 1.83419
335 1.81334
337 1.81151
339 1.80145
356 1.7999
358 1.79705
362 1.79337
364 1.79317
371 1.79298
382 1.79284
384 1.79187
386 1.79083
395 1.79076
398 1.79033
400 1.79003
404 1.78966
410 1.78926
418 1.78862
