 DIM = 9
1 8.16061e+06
15 8.1564e+06
16 8.06226e+06
19 8.0221e+06
20 7.8842e+06
24 7.86353e+06
25 7.70641e+06
28 7.68973e+06
29 7.47895e+06
33 7.40407e+06
34 7.14381e+06
37 7.13109e+06
38 6.81703e+06
41 6.78686e+06
42 6.41614e+06
45 6.28089e+06
46 5.74506e+06
50 5.70371e+06
51 5.14031e+06
54 5.05606e+06
55 4.38834e+06
58 4.37977e+06
59 3.68281e+06
62 3.51002e+06
63 2.70602e+06
66 2.63807e+06
67 1.8246e+06
71 1.69528e+06
72 1.04862e+06
75 985828
76 510033
79 484421
80 299906
112 294839
120 292115
125 289766
127 283156
128 278533
129 278464
130 271163
143 267666
144 258027
147 253615
148 241138
152 240686
153 226893
155 224044
156 203426
161 193931
162 171652
167 162333
168 138276
171 135616
172 106891
177 97476.9
178 71763.1
180 71695.2
181 46334.1
184 46205.7
185 25119.9
188 22765.4
189 8545.66
195 3814.81
197 3619.77
227 3500.44
234 3470.96
243 3464.39
245 3453.38
253 3416.59
260 3414.03
265 3409.37
267 3406
269 3377.51
290 3365.2
291 3358.7
295 3357.77
296 3346.91
301 3344.44
302 3336.43
305 3318.82
306 3296.53
310 3289.4
311 3262.88
316 3244.26
317 3193.77
320 3193.12
321 3142.14
326 3117
327 3050.42
331 3022.65
332 2960.55
334 2948.28
335 2855.29
339 2851.1
340 2795.54
343 2786.59
345 2687.9
346 2608.25
357 2588.11
372 2581.15
375 2580.17
377 2577.68
380 2573.8
386 2566.38
395 2560.39
405 2556.31
411 2552.3
417 2545.94
418 2542.83
425 2536.51
426 2529.39
432 2518.5
433 2513.48
436 2506.95
437 2494.35
442 2484.69
443 2463.49
446 2463.47
447 2446.24
448 2445.94
449 2416.26
454 2398
455 2359.18
459 2327.88
460 2263.62
464 2253.55
465 2183.53
469 2158.25
470 2085.79
473 2055.58
474 1957.51
478 1904.52
479 1773.91
484 1690.5
485 1552.37
489 1489.66
490 1331.15
493 1329.67
494 1136.31
497 1115.63
498 900.647
502 804.939
503 575.047
506 568.714
507 347.176
510 317.179
511 157.976
515 147.81
529 93.2454
530 88.0198
559 84.947
561 83.8656
565 81.4113
570 81.1208
572 80.7206
577 79.4728
585 78.9891
592 78.8949
594 78.7427
599 78.591
605 78.5345
611 78.3828
625 78.228
655 78.2267
