 DIM = 11
1 0.02674
8 0.025545
11 0.0244
15 0.01981
24 0.018748
26 0.018056
40 0.016897
45 0.016757
50 0.016459
52 0.016428
53 0.015103
55 0.014998
66 0.01487
67 0.013787
71 0.013633
73 0.012863
79 0.012647
80 0.012573
86 0.012448
89 0.011752
99 0.01171
105 0.011628
108 0.011049
116 0.010621
120 0.010602
125 0.010405
135 0.01033
136 0.010156
144 0.010137
145 0.010074
150 0.010023
151 0.009899
153 0.009832
160 0.009791
167 0.009447
168 0.009313
181 0.009293
191 0.009241
194 0.00923
197 0.009225
199 0.009122
207 0.009086
210 0.009036
212 0.009029
216 0.008958
224 0.008857
225 0.008768
232 0.008759
235 0.008738
238 0.008665
239 0.008657
242 0.008552
243 0.008484
247 0.008458
248 0.008401
252 0.008217
253 0.008046
258 0.008033
259 0.008011
266 0.007788
269 0.007705
270 0.007616
281 0.007489
290 0.007377
299 0.007343
300 0.007314
306 0.007271
307 0.007256
311 0.007207
321 0.007164
323 0.007148
327 0.007119
332 0.007087
342 0.007055
351 0.006979
352 0.006974
359 0.006962
367 0.006899
368 0.006891
375 0.006888
380 0.006873
385 0.00685
393 0.006846
397 0.006843
403 0.006808
420 0.006805
423 0.00679
425 0.006789
435 0.006786
440 0.006777
447 0.00677
450 0.006765
458 0.006759
461 0.006745
462 0.006732
475 0.006711
476 0.00669
485 0.006688
489 0.006664
490 0.006647
498 0.006639
500 0.006629
501 0.006627
503 0.006606
504 0.006596
505 0.006579
506 0.006546
513 0.006529
514 0.00651
517 0.006497
518 0.006494
520 0.006482
522 0.006457
523 0.006445
525 0.006421
526 0.006402
528 0.006394
529 0.006392
530 0.006381
533 0.006321
534 0.006263
551 0.006196
552 0.006151
563 0.006149
565 0.006131
568 0.006121
570 0.006095
576 0.006045
577 0.006026
585 0.006011
590 0.005975
591 0.005967
600 0.005961
606 0.005953
609 0.005952
616 0.005924
625 0.005922
632 0.005913
637 0.005896
638 0.005892
643 0.005885
651 0.005877
656 0.005859
667 0.005854
670 0.00583
671 0.005818
682 0.00579
683 0.005761
694 0.005749
695 0.005729
701 0.00571
702 0.005697
705 0.005682
706 0.005675
707 0.005662
708 0.005646
712 0.005616
713 0.005588
716 0.005568
717 0.005535
723 0.005527
729 0.005491
731 0.005475
738 0.005463
739 0.005456
744 0.005433
745 0.005417
750 0.005402
751 0.005396
754 0.005389
756 0.005375
760 0.005357
766 0.005349
768 0.005343
773 0.005337
776 0.005325
779 0.005309
780 0.005307
787 0.005305
790 0.005292
792 0.005272
793 0.005254
802 0.005236
803 0.005209
807 0.00518
808 0.005106
814 0.005052
815 0.004834
823 0.004827
826 0.004738
832 0.004563
833 0.004489
844 0.00446
845 0.004444
847 0.004427
852 0.00434
853 0.004255
879 0.00418
893 0.004175
900 0.004135
904 0.004115
906 0.004094
907 0.004093
929 0.004081
939 0.004079
943 0.004076
945 0.004065
947 0.004062
955 0.004044
956 0.004036
972 0.004035
976 0.00403
980 0.004028
986 0.004022
999 0.004021
1001 0.004018
1006 0.004013
1011 0.004012
1018 0.004009
1022 0.004008
1026 0.004007
1033 0.004006
1036 0.004001
1037 0.003998
1051 0.003996
1054 0.003995
1064 0.003993
1073 0.003992
1084 0.003991
1098 0.003989
1109 0.003988
1110 0.003987
1136 0.003986
1138 0.003985
1163 0.003984
