 DIM = 10
1 50.499
2 50.274
3 50.249
12 50.0039
13 49.7564
23 49.7191
24 49.4542
29 49.4043
30 49.0884
34 49.0359
35 48.6501
39 48.5435
40 48.0383
44 47.9572
45 47.3449
49 47.1923
50 46.4157
54 46.2874
55 45.3662
58 45.2766
59 44.0728
62 43.8713
63 42.1345
67 41.8395
68 39.5516
72 39.3955
73 36.6571
77 35.9147
78 32.2789
82 31.5212
83 26.4014
87 25.3062
88 18.1605
92 16.7408
93 8.26935
108 7.16538
120 6.02653
133 6.01588
135 5.98049
148 5.94664
240 5.94507
253 5.94499
254 5.90723
287 5.89932
299 5.88524
300 5.83882
321 5.82688
322 5.77341
339 5.75303
351 5.73169
352 5.73079
356 5.72854
358 5.7119
361 5.70045
364 5.6705
379 5.64131
380 5.55344
400 5.50364
401 5.36875
430 5.3581
431 5.31031
432 5.28915
437 5.24124
446 5.19352
448 5.16514
450 5.12742
451 5.06175
452 4.87294
478 4.78255
479 4.64633
509 4.60366
528 4.54168
544 4.53586
548 4.52835
602 4.52728
606 4.50747
607 4.50587
627 4.50366
638 4.50243
640 4.4977
655 4.49138
656 4.4692
672 4.46841
673 4.46606
674 4.44393
676 4.43614
687 4.43299
688 4.38455
707 4.36993
708 4.31152
727 4.31031
728 4.25394
744 4.233
745 4.21961
746 4.12507
765 4.07023
766 3.99941
778 3.99693
780 3.99223
790 3.99087
820 3.98679
833 3.97743
834 3.96634
859 3.95991
862 3.95779
889 3.94734
891 3.94576
903 3.94399
916 3.93938
922 3.92346
945 3.91288
969 3.91011
972 3.89837
985 3.89751
993 3.89686
999 3.89564
1017 3.89525
1029 3.88961
1053 3.88851
1061 3.88815
1067 3.88773
1069 3.88206
1071 3.88156
1114 3.87603
1135 3.87555
1182 3.87509
1183 3.87342
1186 3.87313
1192 3.87132
1209 3.86985
1235 3.86871
1242 3.86871
1247 3.86741
1267 3.86699
1268 3.86532
1307 3.86526
1316 3.86443
1317 3.86251
1331 3.86177
1348 3.86163
1350 3.8608
1356 3.8607
1360 3.85925
1364 3.85769
1380 3.85736
1387 3.85579
1388 3.85191
1403 3.8516
1404 3.8479
1421 3.84706
1422 3.84191
1437 3.83998
1438 3.83113
1459 3.82864
1460 3.81925
1473 3.81882
1474 3.80646
1492 3.80511
1493 3.80283
1494 3.78909
1507 3.78883
1508 3.76967
1525 3.76576
1526 3.74218
1541 3.74143
1542 3.71087
1557 3.7086
1558 3.66836
1575 3.65555
1587 3.64629
1599 3.63881
1612 3.63171
1613 3.62193
