 DIM = 5
1 16.1741
2 15.8639
3 15.6634
7 15.0798
8 13.9185
10 13.6335
11 12.1976
13 11.8892
14 10.2459
15 9.99907
16 7.75285
18 7.23224
19 4.98677
21 3.85276
22 1.87497
24 1.65088
25 1.05339
26 0.852777
44 0.823041
45 0.80353
46 0.790766
47 0.758043
49 0.699883
50 0.631055
51 0.611501
52 0.579502
64 0.577689
67 0.570868
69 0.567805
71 0.564708
73 0.559705
76 0.55444
79 0.554204
81 0.546363
84 0.539355
85 0.538293
88 0.533279
89 0.529652
93 0.518084
94 0.513623
95 0.50761
96 0.498258
99 0.486102
100 0.471426
101 0.468725
102 0.453306
107 0.449388
109 0.445564
122 0.445041
124 0.444292
125 0.44416
129 0.444029
132 0.443889
133 0.443151
140 0.441988
141 0.44137
146 0.441267
147 0.441098
148 0.439999
149 0.43894
152 0.437855
153 0.436555
155 0.436073
156 0.435556
157 0.433019
158 0.430528
160 0.426591
161 0.420066
163 0.419291
164 0.412325
166 0.408337
167 0.398003
168 0.396732
169 0.38267
170 0.378149
171 0.351828
173 0.34646
174 0.333419
178 0.319033
182 0.309585
192 0.296665
193 0.294205
195 0.278303
196 0.266495
199 0.266217
203 0.263879
204 0.232127
205 0.21021
210 0.198326
211 0.189431
212 0.184892
213 0.183556
218 0.183128
224 0.164733
229 0.159781
232 0.156358
236 0.153904
238 0.149282
239 0.145101
240 0.145042
241 0.144613
242 0.134127
243 0.128872
244 0.12323
245 0.112678
247 0.10179
248 0.087599
250 0.07821
251 0.073927
252 0.072478
254 0.041655
257 0.037645
263 0.032657
265 0.030875
270 0.02746
272 0.023721
274 0.021892
284 0.019681
285 0.018625
300 0.01822
301 0.017816
305 0.017599
310 0.017128
312 0.017011
319 0.016493
320 0.016398
325 0.016354
327 0.016277
330 0.016222
333 0.016043
338 0.016017
342 0.015809
354 0.015684
355 0.015624
360 0.015612
361 0.01557
362 0.015478
363 0.015341
367 0.015275
368 0.015175
370 0.015061
371 0.014851
374 0.014767
375 0.014681
376 0.014495
377 0.014256
378 0.014081
379 0.013573
383 0.0131
384 0.012488
388 0.011713
389 0.011013
392 0.010836
393 0.010408
395 0.009624
396 0.009316
401 0.008792
402 0.008475
405 0.007337
407 0.006702
408 0.00595
412 0.005713
414 0.004975
417 0.004166
420 0.003829
422 0.002912
423 0.00204
426 0.001628
427 0.001557
428 0.001082
437 0.000933
438 0.000176
449 0.000157
456 0.000126
458 0.000105
460 0.000102
462 7e-05
472 6.7e-05
477 6.4e-05
479 6.3e-05
481 6.2e-05
483 5.8e-05
490 5.6e-05
494 5.5e-05
