 DIM = 4
1 0.195153
3 0.193174
4 0.189142
6 0.181331
7 0.16962
8 0.167893
9 0.149382
11 0.141702
15 0.120361
16 0.09323
19 0.077681
21 0.065181
24 0.045176
42 0.044156
51 0.043793
54 0.043772
55 0.043668
56 0.043283
58 0.043206
64 0.043144
69 0.042807
70 0.04257
74 0.042408
75 0.042113
78 0.041769
79 0.041701
80 0.041485
88 0.041356
92 0.0411
93 0.040931
107 0.040859
111 0.040762
121 0.040754
122 0.040739
123 0.040649
126 0.040601
127 0.040534
130 0.040492
131 0.040441
133 0.040286
134 0.040098
139 0.040065
143 0.040054
152 0.040045
153 0.039947
154 0.039804
166 0.039788
180 0.039778
184 0.039767
185 0.039764
192 0.039762
195 0.039758
202 0.039754
211 0.039753
217 0.039751
218 0.03975
223 0.039749
228 0.039748
231 0.039747
235 0.039746
