 DIM = 11
1 0.026729
8 0.025519
11 0.024378
15 0.019801
24 0.018743
26 0.018058
40 0.0169
47 0.01675
51 0.016479
52 0.015332
62 0.015329
64 0.015265
65 0.014951
69 0.014639
70 0.012959
72 0.012572
85 0.012111
93 0.011167
95 0.010937
105 0.010555
106 0.010436
114 0.010192
116 0.010076
120 0.009674
136 0.009589
141 0.009428
147 0.009372
155 0.009369
157 0.009353
158 0.009115
164 0.008852
165 0.008717
184 0.008589
189 0.008351
190 0.00818
208 0.008144
212 0.007945
213 0.007903
223 0.007874
229 0.007853
231 0.007806
241 0.007776
249 0.007773
252 0.007706
261 0.007661
270 0.007624
275 0.007623
278 0.007589
280 0.007585
290 0.007552
303 0.007509
304 0.007492
314 0.007438
315 0.007399
326 0.007348
327 0.007312
335 0.007276
336 0.00725
341 0.007201
342 0.007172
347 0.007168
350 0.007126
351 0.007112
352 0.007096
353 0.007085
358 0.007072
360 0.006958
361 0.006899
369 0.006844
374 0.00682
376 0.006806
381 0.006799
383 0.006779
386 0.006679
395 0.00667
397 0.006632
407 0.006559
422 0.006533
423 0.006495
437 0.006484
439 0.006471
440 0.00646
445 0.00642
446 0.006392
456 0.006353
457 0.006314
463 0.006293
464 0.006263
466 0.00624
467 0.006193
473 0.006184
475 0.00612
476 0.006099
478 0.00596
479 0.005781
485 0.005778
486 0.005659
491 0.005609
493 0.005536
497 0.005347
498 0.005146
506 0.005074
509 0.004989
515 0.004827
526 0.00476
527 0.004756
529 0.004741
534 0.004664
536 0.00465
538 0.004555
540 0.004451
541 0.00443
554 0.0044
573 0.004389
581 0.004355
593 0.004332
605 0.004324
615 0.00432
630 0.004316
632 0.00431
636 0.004308
645 0.004306
647 0.004304
649 0.004301
662 0.004295
668 0.004294
671 0.004292
679 0.004291
683 0.004288
693 0.004287
695 0.004285
702 0.004283
703 0.004281
710 0.00428
713 0.004279
715 0.004275
716 0.004272
726 0.004271
728 0.004268
729 0.004266
733 0.004265
740 0.004263
742 0.004261
743 0.004258
744 0.004256
745 0.00425
754 0.004246
755 0.004242
759 0.004241
760 0.004239
761 0.004234
762 0.004226
767 0.004225
768 0.004224
769 0.004222
772 0.004217
776 0.004208
777 0.004201
785 0.004196
791 0.00419
794 0.004188
813 0.004187
817 0.004186
830 0.004185
835 0.004182
854 0.004181
879 0.00418
