 DIM = 12
1 1.13405e+07
19 1.13388e+07
20 1.1312e+07
24 1.13086e+07
25 1.1273e+07
30 1.12695e+07
31 1.12283e+07
35 1.12239e+07
36 1.11711e+07
41 1.11661e+07
42 1.11062e+07
45 1.11006e+07
46 1.1014e+07
52 1.0996e+07
53 1.08973e+07
56 1.08957e+07
57 1.07573e+07
63 1.07271e+07
64 1.05642e+07
68 1.05513e+07
69 1.03435e+07
74 1.03233e+07
75 1.00755e+07
78 1.00678e+07
79 9.72095e+06
85 9.6523e+06
86 9.63772e+06
87 9.53421e+06
120 9.53366e+06
125 9.53344e+06
127 9.52932e+06
128 9.49982e+06
132 9.45308e+06
142 9.4517e+06
143 9.4364e+06
147 9.41008e+06
166 9.35571e+06
167 9.32401e+06
175 9.30729e+06
176 9.26296e+06
182 9.26081e+06
187 9.22133e+06
188 9.16647e+06
193 9.16264e+06
194 9.08588e+06
199 9.0778e+06
200 8.97807e+06
205 8.97778e+06
206 8.87535e+06
210 8.81922e+06
211 8.64679e+06
217 8.63712e+06
218 8.52962e+06
221 8.51627e+06
222 8.44159e+06
223 8.38016e+06
225 8.3565e+06
243 8.35335e+06
244 8.33538e+06
256 8.30065e+06
257 8.28916e+06
261 8.22226e+06
266 8.20351e+06
267 8.20254e+06
277 8.20094e+06
280 8.1209e+06
311 8.11991e+06
313 8.06841e+06
314 8.06725e+06
321 8.06403e+06
331 8.06115e+06
332 8.04889e+06
333 8.0433e+06
334 8.03516e+06
339 8.0298e+06
340 8.0148e+06
342 7.97982e+06
343 7.93009e+06
347 7.92963e+06
348 7.87445e+06
350 7.87392e+06
352 7.85623e+06
353 7.8343e+06
357 7.81044e+06
358 7.76981e+06
364 7.7638e+06
382 7.7555e+06
393 7.7489e+06
398 7.73191e+06
400 7.72934e+06
401 7.71789e+06
409 7.71769e+06
410 7.70796e+06
415 7.70013e+06
416 7.67549e+06
429 7.67321e+06
430 7.66543e+06
431 7.66251e+06
434 7.65878e+06
435 7.6265e+06
438 7.62595e+06
451 7.61872e+06
475 7.6168e+06
477 7.61343e+06
483 7.60437e+06
494 7.60145e+06
498 7.59893e+06
499 7.59432e+06
506 7.59245e+06
507 7.58982e+06
511 7.58318e+06
512 7.57047e+06
521 7.56534e+06
522 7.54897e+06
528 7.5443e+06
529 7.52537e+06
534 7.52373e+06
536 7.51381e+06
537 7.48613e+06
544 7.47565e+06
545 7.44382e+06
551 7.42344e+06
558 7.4204e+06
559 7.41109e+06
560 7.39592e+06
561 7.36808e+06
575 7.36657e+06
583 7.36005e+06
584 7.35863e+06
585 7.34273e+06
586 7.31675e+06
597 7.30023e+06
598 7.27528e+06
601 7.26765e+06
602 7.2367e+06
607 7.23105e+06
608 7.19327e+06
612 7.1578e+06
613 7.0893e+06
621 7.07265e+06
625 7.01972e+06
628 7.01809e+06
630 6.98868e+06
647 6.98473e+06
661 6.97297e+06
670 6.97079e+06
680 6.96833e+06
690 6.96066e+06
694 6.958e+06
698 6.95741e+06
704 6.95708e+06
709 6.95279e+06
716 6.95232e+06
727 6.95086e+06
762 6.95031e+06
783 6.94974e+06
791 6.94915e+06
799 6.94857e+06
816 6.94815e+06
817 6.94783e+06
831 6.94739e+06
864 6.94707e+06
865 6.94695e+06
886 6.94683e+06
887 6.9466e+06
894 6.94654e+06
897 6.94636e+06
898 6.94618e+06
900 6.94608e+06
901 6.94591e+06
904 6.94588e+06
905 6.94579e+06
909 6.94554e+06
911 6.94536e+06
912 6.945e+06
923 6.9448e+06
925 6.94417e+06
926 6.94407e+06
928 6.94371e+06
929 6.94315e+06
931 6.9431e+06
932 6.94224e+06
941 6.94171e+06
942 6.94082e+06
947 6.93976e+06
948 6.93786e+06
955 6.9375e+06
956 6.93558e+06
960 6.9352e+06
961 6.93251e+06
966 6.93245e+06
967 6.92946e+06
972 6.92837e+06
973 6.92436e+06
978 6.92346e+06
980 6.92249e+06
982 6.92148e+06
985 6.92027e+06
987 6.91925e+06
989 6.91805e+06
1003 6.91698e+06
1027 6.91674e+06
1028 6.9158e+06
1040 6.9153e+06
1041 6.91419e+06
1055 6.913e+06
1056 6.91095e+06
1063 6.91082e+06
1064 6.91009e+06
1084 6.90985e+06
1085 6.90971e+06
1086 6.90946e+06
1091 6.90943e+06
1097 6.90902e+06
1100 6.90874e+06
1108 6.90868e+06
1115 6.90857e+06
1125 6.90823e+06
1129 6.90816e+06
1145 6.90769e+06
1146 6.90767e+06
1163 6.90743e+06
1168 6.90733e+06
1197 6.90728e+06
1200 6.90719e+06
1218 6.90718e+06
1222 6.90715e+06
1227 6.90711e+06
1240 6.90706e+06
1248 6.90706e+06
1249 6.90699e+06
1261 6.90698e+06
1271 6.90697e+06
1275 6.90695e+06
1286 6.90694e+06
1287 6.90693e+06
1288 6.90692e+06
1289 6.90691e+06
1293 6.90691e+06
1304 6.90691e+06
1309 6.90687e+06
1318 6.90686e+06
1336 6.90684e+06
1367 6.90683e+06
1372 6.90683e+06
1377 6.90683e+06
1381 6.90683e+06
1394 6.90682e+06
1396 6.90682e+06
1412 6.90682e+06
1424 6.90682e+06
1438 6.90681e+06
1444 6.90681e+06
1451 6.90681e+06
1473 6.90681e+06
1483 6.90681e+06
1495 6.90681e+06
1507 6.90681e+06
1511 6.90681e+06
1527 6.90681e+06
1529 6.90681e+06
1532 6.90681e+06
1541 6.90681e+06
1549 6.90681e+06
1570 6.90681e+06
1606 6.90681e+06
1614 6.90681e+06
1623 6.90681e+06
1631 6.90681e+06
1646 6.90681e+06
1651 6.90681e+06
1653 6.90681e+06
1667 6.90681e+06
1675 6.90681e+06
1690 6.90681e+06
1698 6.90681e+06
1709 6.90681e+06
1712 6.90681e+06
1715 6.90681e+06
1724 6.90681e+06
1733 6.90681e+06
1754 6.90681e+06
1760 6.90681e+06
1765 6.90681e+06
1781 6.90681e+06
1805 6.90681e+06
1810 6.90681e+06
1818 6.90681e+06
1821 6.90681e+06
1830 6.90681e+06
1832 6.90681e+06
1834 6.90681e+06
1836 6.90681e+06
1841 6.90681e+06
1852 6.90681e+06
1874 6.90681e+06
1881 6.90681e+06
1912 6.90681e+06
1914 6.90681e+06
1915 6.90681e+06
1916 6.90681e+06
1938 6.90681e+06
1940 6.90681e+06
1945 6.90681e+06
1949 6.90681e+06
1950 6.90681e+06
