 DIM = 4
1 1.61525e+06
2 1.46113e+06
5 1.12542e+06
6 781674
9 614568
10 345269
11 313008
12 114789
14 64808.5
15 24846.1
16 20917.6
26 20511.3
27 18760.8
28 18707.3
30 17449.7
31 15255.2
33 13334.7
34 10592.8
36 8555.21
37 5930.01
40 4788.64
41 2849.81
44 2693.53
46 2392.33
60 2362.64
67 2362.38
68 2331.5
80 2323.05
81 2312.58
84 2309.3
86 2304.12
88 2296.72
89 2286.23
91 2276.51
92 2270.7
93 2252.4
94 2234.99
95 2226.08
96 2189.71
98 2169.74
99 2140.1
100 2125.2
101 2094.05
102 2055.01
103 1981.49
104 1942.34
105 1818.02
108 1665.02
109 1479.34
112 1299.2
113 1066.06
114 1052.28
115 851.72
116 826.881
117 558.719
119 272.196
120 139.218
122 54.641
127 4.63905
141 2.86386
144 1.5538
147 0.767576
153 0.390767
155 0.26961
159 0.201252
162 0.079577
164 0.069556
170 0.062892
172 0.030766
180 0.025822
182 0.022436
183 0.014381
184 0.010449
191 0.009655
192 0.007951
195 0.00234
196 0.002278
198 0.001235
207 0.000739
209 0.000654
212 0.000485
214 0.000275
217 0.000148
219 0.000114
221 8.2e-05
224 2.9e-05
232 2.2e-05
234 1e-05
236 7e-06
238 5e-06
242 4e-06
244 3e-06
246 1e-06
