 DIM = 7
1 0.033788
6 0.031753
9 0.031634
12 0.029076
16 0.028365
19 0.02808
28 0.024136
29 0.024092
35 0.023386
36 0.023089
39 0.022651
41 0.020228
51 0.019728
53 0.017051
54 0.016028
57 0.01522
58 0.012111
63 0.009881
75 0.008497
76 0.008425
85 0.008326
94 0.008212
95 0.007832
103 0.007661
108 0.007626
113 0.007532
115 0.00732
124 0.007253
132 0.007239
135 0.007169
140 0.007158
149 0.007148
150 0.007067
152 0.007047
153 0.007024
159 0.006946
160 0.006933
164 0.0069
165 0.006877
169 0.006796
170 0.006758
175 0.006717
176 0.006636
185 0.00649
186 0.006407
192 0.006382
193 0.006298
198 0.006241
201 0.00612
202 0.00602
203 0.006
204 0.005821
209 0.005693
210 0.005435
214 0.005335
215 0.005068
218 0.004943
220 0.004828
221 0.004624
222 0.004501
223 0.004282
232 0.003998
241 0.003965
244 0.003957
248 0.003921
255 0.003823
257 0.003815
259 0.003814
261 0.003756
265 0.003697
270 0.003692
272 0.003664
275 0.003655
277 0.003597
285 0.003572
292 0.003563
296 0.003545
299 0.003527
313 0.003518
315 0.003517
321 0.003509
326 0.003499
327 0.003495
336 0.00349
337 0.003489
340 0.003479
341 0.003474
342 0.003469
343 0.003461
346 0.003452
347 0.003445
349 0.003431
350 0.003419
352 0.003411
353 0.003403
354 0.003391
355 0.003374
358 0.003355
359 0.003335
360 0.003323
361 0.003291
364 0.003244
365 0.003186
371 0.00314
372 0.003117
374 0.003064
375 0.003042
376 0.003028
377 0.002988
382 0.002907
385 0.002886
390 0.002861
393 0.00286
396 0.002821
400 0.002777
408 0.002727
409 0.002705
422 0.00266
423 0.002604
430 0.002566
431 0.00251
435 0.002479
436 0.002457
437 0.002417
438 0.002384
439 0.002363
440 0.002287
441 0.002259
442 0.002133
446 0.002022
447 0.001909
452 0.001708
453 0.001567
460 0.001529
465 0.001447
478 0.001444
484 0.001443
487 0.001437
489 0.001432
490 0.001403
491 0.001392
512 0.001356
513 0.001279
517 0.001241
518 0.001079
520 0.001045
521 0.00087
543 0.000849
544 0.000827
548 0.000776
549 0.00074
562 0.000737
567 0.000717
570 0.000716
571 0.000707
573 0.000692
575 0.00069
577 0.000675
585 0.000648
586 0.000626
592 0.000624
593 0.000614
595 0.000604
596 0.000589
598 0.000585
599 0.000582
600 0.000578
606 0.000572
608 0.000564
614 0.00056
616 0.000555
622 0.000552
628 0.000546
631 0.000544
639 0.000542
640 0.000537
641 0.000536
642 0.000528
646 0.000524
647 0.000516
650 0.000509
651 0.000499
655 0.000484
656 0.000465
662 0.000464
664 0.000457
665 0.000456
666 0.000437
667 0.000414
671 0.000412
672 0.000403
674 0.00038
675 0.000353
679 0.000334
680 0.000316
681 0.000305
682 0.000276
684 0.000253
685 0.00021
687 0.000193
688 0.000128
693 8.2e-05
694 6.1e-05
699 4.1e-05
710 2.9e-05
714 2.7e-05
718 2e-05
733 1.8e-05
735 1.7e-05
738 1.1e-05
749 9e-06
752 6e-06
760 5e-06
766 4e-06
767 3e-06
