 DIM = 12
1 2.05938e+07
21 2.05891e+07
22 2.04228e+07
25 2.04098e+07
26 2.01733e+07
32 2.01216e+07
33 1.98451e+07
37 1.98328e+07
38 1.94961e+07
43 1.94274e+07
44 1.90069e+07
49 1.89402e+07
50 1.84558e+07
55 1.8307e+07
56 1.76816e+07
61 1.76742e+07
62 1.70299e+07
66 1.69365e+07
67 1.61412e+07
70 1.60807e+07
71 1.49907e+07
76 1.49142e+07
77 1.36823e+07
81 1.36373e+07
82 1.21642e+07
87 1.20435e+07
88 1.04782e+07
93 1.00841e+07
94 8.35575e+06
99 8.14048e+06
100 6.42778e+06
105 6.15893e+06
106 4.54309e+06
111 4.1829e+06
112 2.75993e+06
117 2.54094e+06
118 1.51124e+06
123 1.39435e+06
124 1.19412e+06
125 1.13702e+06
127 1.13572e+06
129 1.08667e+06
131 1.05316e+06
166 1.00323e+06
167 943118
185 908782
186 865341
191 843420
192 786336
198 759634
199 676970
209 626663
210 535020
216 512773
217 445600
221 444074
222 375101
224 356659
225 254107
233 239507
234 181695
237 177268
238 119838
243 119702
244 102038
247 81769.1
248 80576
249 65556.9
267 64272.7
291 64127.5
299 62739.1
307 60186.2
317 59663.9
318 58966.1
327 58819
329 58168.5
330 57834
331 57748.5
334 56870.1
335 56730
337 55516.1
338 54497.6
341 53542.2
342 52870.4
345 51896.8
346 50969.3
347 50293.9
348 48725.7
349 47818
350 44223.4
354 43423.3
355 39158.5
358 38541.1
359 32727.2
364 32441.6
365 29327.2
368 26512.9
369 21060.9
372 21036.2
373 16076.9
378 12545.6
379 6805.32
386 4881.86
389 4252.87
394 3415.42
395 3394.84
396 3102.42
400 1782.31
451 1722.97
460 1707.4
470 1694.64
473 1684.13
474 1643.89
475 1632.42
484 1629.27
489 1617.29
494 1609.55
499 1565.51
500 1522.78
510 1510.24
511 1428.67
520 1416.08
521 1362.21
522 1351.03
523 1269.25
529 1263.98
533 1224.84
553 1220.46
558 1190.27
563 1157.86
564 1148.45
579 1134.53
583 1110.09
584 1078.12
592 1069.26
593 1064.8
594 1055.34
595 1036
597 1019.25
598 976.191
605 965.837
606 961.881
607 939.048
608 928.69
611 913.597
612 900.446
613 871.679
614 823.333
619 810.731
621 786.325
625 786.218
627 751.927
634 733.24
640 726.669
642 690.663
643 654.002
661 647.325
662 629.906
665 622.53
674 586.099
675 578.711
678 573.891
679 563.952
688 538.293
696 526.525
698 496.382
712 469.156
713 465.686
714 457.264
721 444.599
724 423.423
729 409.924
731 396.866
733 387.37
737 384.627
744 318.79
745 279.64
767 246.223
772 218.791
773 189.764
781 189.322
782 178.511
795 174.468
804 173.837
810 173.384
814 169.347
816 169.121
825 168.505
827 167.968
829 167.921
831 167.322
833 167.098
835 166.536
837 166.244
841 165.347
853 165.286
857 165.098
863 165.058
865 165
867 164.931
869 164.828
871 164.802
873 164.752
875 164.73
879 164.711
881 164.708
883 164.696
886 164.634
888 164.631
892 164.608
896 164.566
900 164.564
903 164.562
910 164.54
913 164.54
916 164.536
918 164.531
924 164.524
926 164.523
928 164.52
936 164.515
943 164.513
946 164.513
948 164.51
954 164.509
955 164.509
959 164.509
961 164.507
962 164.506
973 164.501
982 164.501
992 164.5
996 164.499
1001 164.495
1002 164.492
1008 164.492
1009 164.489
1018 164.487
1019 164.485
1023 164.482
1024 164.476
1033 164.473
1034 164.468
1039 164.466
1040 164.461
1041 164.459
1042 164.447
1050 164.438
1051 164.422
1057 164.422
1058 164.41
1061 164.405
1062 164.386
1066 164.374
1067 164.339
1073 164.337
1074 164.301
1078 164.295
1079 164.247
1084 164.241
1085 164.197
1088 164.187
1089 164.119
1093 164.109
1094 164.02
1099 164.001
1100 163.897
1105 163.873
1106 163.745
1110 163.745
1111 163.591
1115 163.586
1116 163.406
1120 163.398
1121 163.202
1124 163.182
1125 162.887
1131 162.837
1132 162.555
1135 162.516
1136 162.126
1141 162.114
1142 161.719
1146 161.661
1147 161.315
1150 161.299
1151 160.847
1156 160.74
1157 160.375
1162 160.192
1163 159.793
1171 159.685
1172 159.413
1179 159.32
1180 159.182
1181 158.961
1182 158.394
1189 158.322
1190 158.12
1191 157.87
1192 157.263
1199 156.673
1200 155.739
1204 155.685
1205 154.702
1211 154.14
1212 152.742
1216 152.483
1217 150.642
1223 150.637
1224 149.836
1225 149.781
1226 148.803
1227 148.154
1228 145.397
1234 145.27
1235 143.511
1238 142.931
1239 140.941
1242 139.964
1243 136.664
1251 134.849
1252 133.15
1254 132.366
1255 130.149
1257 129.771
1258 126.156
1267 124.429
1268 122.749
1280 120.6
1281 117.825
1287 115.859
1288 112.797
1295 110.827
1296 107.455
1313 105.697
1314 103.039
1320 101.616
1321 99.0201
1326 97.1658
1327 95.7591
1330 93.8797
1331 91.269
1334 90.4566
1335 88.3444
1338 88.1369
1342 83.3944
1343 81.3575
1348 79.2263
1353 77.3915
1354 77.0969
1355 75.9371
1356 75.9065
1357 75.8711
1359 75.7975
1364 72.6026
1385 70.0813
1404 68.8955
1405 68.6878
1410 68.4539
1413 66.6824
1414 65.2591
1426 63.8252
1427 62.3733
1433 61.4234
1434 59.2885
1443 58.3819
1444 57.9516
1445 56.6472
1446 54.8586
1453 54.7044
1458 54.2158
1461 53.1314
1470 52.4177
1494 52.4043
1495 52.1791
1517 52.0971
1521 52.0762
1523 52.065
1532 52.0239
1538 52.0198
1541 52.0093
1546 52.0064
1551 51.9932
1561 51.9891
1563 51.9877
1565 51.9822
1569 51.9817
1573 51.9796
1581 51.9773
1584 51.9764
1586 51.9751
1592 51.9748
1594 51.9744
1596 51.9734
1600 51.9733
1606 51.9729
1608 51.9723
1610 51.9722
1612 51.9718
1616 51.9717
1622 51.9715
1628 51.9713
1632 51.9713
1634 51.9712
1636 51.9711
1638 51.971
1640 51.971
1646 51.971
1649 51.971
1650 51.9709
1653 51.9709
1655 51.9709
1663 51.9708
1665 51.9708
1668 51.9708
1679 51.9707
1687 51.9707
1689 51.9707
1692 51.9707
1693 51.9707
1698 51.9706
1699 51.9706
1706 51.9705
1707 51.9705
1712 51.9705
1713 51.9704
1720 51.9704
1722 51.9703
1723 51.9702
1726 51.9702
1727 51.9702
1729 51.9701
1731 51.9701
1733 51.9701
1736 51.97
1737 51.9699
1739 51.9698
1740 51.9695
1749 51.9694
1750 51.9693
1752 51.9691
1753 51.9688
1763 51.9683
1764 51.9678
1774 51.9675
1775 51.9671
1776 51.9671
1777 51.9663
1785 51.9662
1786 51.966
1787 51.9655
1788 51.9644
1794 51.964
1795 51.9627
1799 51.9627
1800 51.9612
1805 51.9612
1806 51.96
1808 51.9596
1809 51.9575
1813 51.9573
1814 51.9551
1818 51.9549
1819 51.9521
1822 51.952
1823 51.9486
1828 51.9484
1829 51.9459
1831 51.9447
1832 51.9393
1839 51.9375
1840 51.9316
1844 51.9311
1845 51.9255
1850 51.9233
1851 51.9148
1855 51.9145
1856 51.9043
1862 51.9013
1863 51.8902
1867 51.8888
1868 51.874
1874 51.8728
1875 51.864
1876 51.861
1877 51.8391
1883 51.8323
1884 51.8062
1890 51.8053
1891 51.7829
1895 51.7748
1896 51.7439
1900 51.7426
1901 51.7049
1904 51.7047
1905 51.6534
1911 51.6318
1912 51.5671
1917 51.554
1918 51.4777
1923 51.4508
1924 51.3464
1930 51.3064
1931 51.1763
1936 51.1712
1937 51.0424
1941 51.0216
1942 50.8561
1945 50.8538
1946 50.6381
