 DIM = 8
1 64
10 63.2563
11 62.0141
16 61.9842
17 60.7987
19 60.57
20 58.8841
23 58.8649
24 57.116
27 56.1059
28 53.482
32 53.005
33 50.7671
36 50.0856
37 47.6463
40 47.2962
41 45.3482
46 44.8638
52 43.8962
53 42.622
59 42.5255
60 41.5129
63 41.0856
64 39.7338
68 39.5696
69 38.6564
70 38.632
71 38.0305
72 37.8476
73 37.2698
76 36.895
78 36.268
85 35.709
86 35.1232
91 34.9316
94 34.2308
95 33.8637
98 33.5126
99 33.3262
100 32.9867
101 32.9685
103 32.4989
107 31.7699
108 31.1068
113 31.0257
120 30.9514
122 30.2436
125 29.8069
130 29.3126
132 29.1107
140 29.0557
143 28.3502
144 28.3349
145 27.8517
146 27.4479
151 27.3848
154 26.8362
155 26.6601
158 26.1987
159 25.9149
163 25.3555
164 25.1021
171 24.4239
186 24.3296
187 23.885
197 23.625
203 23.3913
212 23.1986
214 22.8876
215 22.6984
221 22.608
222 22.5453
230 22.3885
231 22.2253
232 22.0644
233 21.7832
235 21.6827
236 21.174
241 20.8703
242 20.5241
246 20.2493
247 19.8655
249 19.781
250 19.5393
253 18.9809
254 18.3599
260 18.1902
261 18.0732
263 18.0182
265 17.8032
267 17.4081
269 17.3298
271 17.2277
273 16.5254
274 16.4218
285 16.3729
288 16.3552
295 16.2114
297 16.1587
299 15.816
304 15.7783
310 15.7535
315 15.6485
319 15.6223
322 15.5922
324 15.4511
326 15.4096
328 15.4008
337 15.3696
340 15.1331
341 15.1241
345 15.0816
346 15.0319
347 15.0069
348 14.9411
352 14.6899
358 14.6349
359 14.4334
364 14.4184
365 14.2894
370 14.0731
371 14.0534
373 13.8838
374 13.8747
375 13.7808
376 13.7065
378 13.4486
379 13.2027
382 12.898
383 12.6339
391 12.4447
395 12.3171
399 12.0363
402 11.7034
403 11.4273
408 11.3446
409 10.9839
422 10.8012
426 10.5637
427 10.5092
435 10.1351
436 10.0756
451 9.97143
455 9.90611
461 9.64664
472 9.62525
475 9.60128
482 9.40453
483 9.31379
492 9.26739
493 9.26124
494 9.22655
499 9.17795
504 9.06218
505 9.03658
513 8.97338
514 8.97138
526 8.96349
527 8.8738
536 8.82396
537 8.79118
540 8.78047
542 8.75034
545 8.74783
550 8.63731
551 8.55937
557 8.55636
558 8.52064
560 8.50333
562 8.45845
565 8.44442
567 8.35028
568 8.24813
575 8.2102
576 8.17397
577 8.1731
578 8.17111
579 8.13791
581 8.05863
583 7.97264
584 7.87125
588 7.78782
589 7.73185
596 7.65851
599 7.55237
600 7.53713
607 7.46018
611 7.40144
620 7.31669
630 7.29558
639 7.27247
645 7.25838
656 7.23351
670 7.22682
673 7.21405
674 7.21395
675 7.21197
681 7.20731
689 7.1961
701 7.19355
708 7.18849
718 7.18557
719 7.18314
734 7.18193
744 7.18183
751 7.18143
753 7.18129
759 7.18112
767 7.18109
770 7.18051
775 7.18041
780 7.18033
781 7.18004
790 7.17992
799 7.17991
803 7.17979
804 7.17968
806 7.17957
807 7.17946
808 7.17937
809 7.17923
811 7.17892
812 7.17849
819 7.17846
821 7.17805
822 7.17774
825 7.17758
826 7.17727
827 7.17726
828 7.17696
834 7.17682
836 7.17664
839 7.17661
844 7.17654
845 7.17628
846 7.17615
854 7.1759
857 7.17574
865 7.17564
869 7.17526
870 7.17513
882 7.17497
883 7.17488
886 7.17486
890 7.17486
892 7.17476
894 7.1746
903 7.1745
909 7.17438
931 7.17436
932 7.17429
951 7.17427
954 7.17427
955 7.17426
963 7.17425
974 7.17422
975 7.17421
986 7.17419
987 7.17417
996 7.17415
997 7.17414
1000 7.17412
1001 7.1741
1007 7.17406
1008 7.17405
1011 7.17401
1016 7.17401
1017 7.174
1019 7.17399
1023 7.17395
1025 7.17394
1032 7.17394
1037 7.17392
1043 7.17389
1044 7.17388
1046 7.17388
1051 7.17387
1053 7.17387
1056 7.17381
1057 7.17379
1071 7.17376
1072 7.17374
1078 7.17372
1079 7.17369
1082 7.17367
1083 7.17364
1088 7.17361
1093 7.17357
1094 7.17354
1099 7.17354
1101 7.17351
1104 7.1735
1106 7.17347
1107 7.17345
1110 7.17345
1113 7.17339
1114 7.17333
1119 7.17333
1122 7.17325
1123 7.17322
1124 7.17319
1125 7.17312
1131 7.17304
1132 7.17297
1136 7.1729
1137 7.17282
1140 7.17279
1142 7.17273
1143 7.1727
1144 7.1727
1148 7.17255
1149 7.17246
1151 7.17243
1152 7.17229
1159 7.17219
1160 7.17208
1165 7.17204
1167 7.17185
1168 7.17178
1169 7.17162
1170 7.17137
1176 7.17123
1177 7.17109
1179 7.17106
1180 7.17105
1181 7.17085
1182 7.17064
1184 7.17041
1185 7.1699
1191 7.16944
1192 7.16907
1197 7.16902
1199 7.1687
1200 7.16854
1205 7.16813
1215 7.1677
1219 7.16758
1220 7.16751
1226 7.16746
1229 7.16717
1230 7.167
1238 7.16681
1241 7.16655
1249 7.16645
1252 7.16626
1253 7.16616
1256 7.16597
1257 7.16593
1260 7.16557
1261 7.16525
1268 7.16503
1272 7.16491
1277 7.16487
1283 7.16455
1284 7.16448
1286 7.16445
1289 7.16418
1290 7.16396
1295 7.16384
1298 7.16359
1300 7.16348
1304 7.16319
1314 7.16314
1317 7.16298
1326 7.16296
1328 7.16285
1331 7.16284
1334 7.16279
1338 7.16275
1341 7.16267
