 DIM = 12
1 3.9872e+09
16 3.97889e+09
17 3.93108e+09
18 3.93092e+09
19 3.86904e+09
21 3.84962e+09
22 3.75706e+09
24 3.7535e+09
25 3.62357e+09
28 3.57948e+09
29 3.43941e+09
34 3.42909e+09
36 3.39598e+09
38 3.33457e+09
40 3.32649e+09
42 3.31197e+09
44 3.28167e+09
46 3.27373e+09
48 3.27114e+09
51 3.244e+09
53 3.23714e+09
55 3.10065e+09
56 2.98154e+09
71 2.93943e+09
72 2.86468e+09
79 2.80959e+09
81 2.73433e+09
82 2.65449e+09
86 2.6146e+09
87 2.56401e+09
90 2.52934e+09
91 2.49913e+09
92 2.48627e+09
93 2.46535e+09
94 2.43135e+09
95 2.42531e+09
96 2.35635e+09
97 2.35138e+09
98 2.17358e+09
99 1.98804e+09
104 1.96561e+09
107 1.94462e+09
109 1.94426e+09
112 1.85082e+09
114 1.83802e+09
116 1.67004e+09
121 1.56722e+09
122 1.44838e+09
128 1.39325e+09
129 1.3191e+09
132 1.16842e+09
133 1.00729e+09
144 8.63036e+08
147 8.52693e+08
152 7.89743e+08
156 7.33806e+08
159 6.04387e+08
160 5.3535e+08
172 5.09578e+08
174 4.31452e+08
179 4.07995e+08
183 3.5018e+08
188 2.99225e+08
192 2.67316e+08
213 2.58855e+08
216 2.01265e+08
224 1.87735e+08
227 1.8539e+08
229 1.35358e+08
243 1.34019e+08
252 1.11061e+08
254 1.1099e+08
261 1.04308e+08
268 8.29497e+07
278 7.81416e+07
281 6.85813e+07
298 6.80237e+07
309 6.24578e+07
313 5.24063e+07
319 5.11497e+07
327 4.91958e+07
331 4.23607e+07
335 3.77345e+07
344 3.54509e+07
351 3.20354e+07
356 3.03894e+07
362 2.76918e+07
378 2.59492e+07
380 2.44359e+07
384 2.43092e+07
390 2.27937e+07
392 2.2524e+07
394 1.77585e+07
395 1.54114e+07
415 1.42887e+07
417 1.37343e+07
421 1.25983e+07
423 1.17917e+07
432 9.48027e+06
444 8.98373e+06
450 8.91339e+06
462 8.34355e+06
465 7.21342e+06
466 6.39812e+06
472 5.62643e+06
473 4.78505e+06
482 4.56872e+06
489 4.0043e+06
491 2.93757e+06
503 2.74558e+06
514 2.05888e+06
516 1.54324e+06
520 1.16694e+06
521 971040
544 733646
549 724723
551 600164
554 571411
556 527929
559 511341
563 450487
566 336701
569 300534
571 255898
574 244033
576 237058
578 204221
587 138140
598 130556
601 124715
603 120951
604 91876.3
612 87451.3
614 82872
617 79354.1
620 62719.1
626 58683.6
629 57126.5
631 55565.9
632 50333
637 39702.5
641 37422.5
646 18920.4
663 18011.3
676 16457.1
679 12751.8
683 12148.4
689 9318.75
692 8745.4
699 6871.83
711 6491.93
720 5790.57
721 5694.75
724 5693.26
726 5509.44
727 5286.72
734 4785.08
735 4132.58
744 4091.67
748 3962.93
749 3541.52
755 3170.12
762 3080.14
764 3016.93
767 2594.42
772 2387.34
779 2128.8
791 1797.43
798 1652.73
806 1472.84
809 1421.9
815 1286.52
818 1120.76
820 1016.48
832 947.109
836 938.831
841 832.333
844 779.156
848 656.935
857 568.913
864 506.804
880 485.526
884 475.093
887 457.077
891 387.622
893 361.135
895 319.703
898 312.132
903 241.953
908 228.665
912 218.722
917 211.658
919 210.542
926 179.781
930 125.811
939 123.856
941 122.856
948 95.8041
953 85.5387
963 70.0627
969 68.0654
978 66.6017
983 48.1279
998 44.5096
1006 43.7199
1008 35.4709
1016 31.6744
1026 26.2592
1044 23.5871
1051 23.2677
1054 20.2365
1061 18.8289
1068 17.1554
1076 16.7895
1078 13.6247
1088 13.5427
1099 11.4843
1107 9.69443
1108 9.61896
1109 9.28643
1120 8.14997
1129 8.12679
1132 7.02919
1140 6.74657
1151 6.56504
1156 6.42104
1158 6.39613
1162 6.19412
1166 6.13874
1169 6.06623
1172 5.87278
1177 5.82814
1184 5.80692
1186 5.73782
1189 5.67715
1193 5.63707
1194 5.44015
1212 5.2878
1231 5.20718
1235 5.18034
1237 5.14267
1240 5.09816
1245 5.06004
1256 4.95781
1265 4.91466
1275 4.88329
1283 4.84308
1288 4.79724
1289 4.76865
1297 4.69668
1298 4.65492
1304 4.59184
1305 4.56886
1306 4.51592
1307 4.43693
1312 4.3833
1313 4.33279
1317 4.22892
1320 4.18693
1323 4.10583
1324 4.08495
1325 3.98646
1326 3.86717
1332 3.83721
1335 3.61241
1336 3.47645
1343 3.38849
1344 3.29023
1349 3.26911
1353 3.01017
1354 2.89487
1362 2.81736
1364 2.80247
1367 2.64175
1369 2.55825
1371 2.55265
1374 2.50709
1377 2.49253
1379 2.45763
1381 2.418
1384 2.4093
1386 2.31425
1388 2.13606
1389 2.11938
1396 2.0753
1399 2.00176
1402 1.92642
1405 1.82422
1414 1.76194
1420 1.58987
1423 1.55319
1428 1.43166
1431 1.42219
1436 1.4142
1441 1.40749
1446 1.18944
1447 1.1882
1449 1.09623
1450 1.02534
1461 0.990765
1465 0.8296
1474 0.639913
1475 0.587675
1479 0.582972
1480 0.579019
1486 0.562905
1491 0.441639
1498 0.353643
1518 0.269201
1522 0.233285
1534 0.223937
1537 0.214059
1541 0.18722
1545 0.144625
1548 0.136305
1553 0.129093
1556 0.123689
1562 0.060311
1563 0.054618
1573 0.049723
1581 0.042528
1589 0.032941
1596 0.030839
1599 0.027264
1603 0.022482
1606 0.016247
1624 0.015437
1626 0.013618
1629 0.01346
1630 0.008436
1642 0.00831
1644 0.007122
1651 0.004253
1662 0.004144
1665 0.003774
1671 0.002516
1673 0.001703
1684 0.001645
1686 0.001505
1693 0.001224
1695 0.001186
1696 0.001069
1699 0.000854
1708 0.000763
1712 0.000665
1714 0.000646
1722 0.000565
1723 0.000526
1726 0.000514
1731 0.000415
1736 0.0004
1739 0.000381
1748 0.000316
1750 0.000308
1753 0.000295
1755 0.000273
1764 0.000229
1776 0.000212
1781 0.000174
1790 0.000122
1791 0.00011
1812 9.1e-05
1831 6e-05
1859 5.6e-05
1865 5.3e-05
1868 5e-05
1879 4.8e-05
1883 4.4e-05
1890 3.8e-05
1891 3.6e-05
1902 3.4e-05
1911 3.3e-05
1913 3.2e-05
1918 2.8e-05
1929 2.7e-05
1932 2.6e-05
1936 2.2e-05
