 DIM = 8
1 264839
11 246672
12 225852
19 221612
20 201955
23 197802
24 172643
27 168426
28 138960
31 137548
32 106049
34 100644
35 62937.8
39 55922.4
40 31595.3
42 26877
44 19053.3
70 16679.8
81 16240.5
89 15190.2
91 13225.5
92 10579.4
104 8974.03
108 7795.26
112 7025.81
117 6967.45
125 6934.3
130 6286.68
134 6236.77
136 5889.76
147 5393.63
165 5382.66
167 5309.78
169 5212.14
174 5182.07
176 5159.28
182 5128.55
184 5109.4
188 5095.06
190 5043.87
192 5019.95
198 4999.57
208 4973.92
214 4972.95
217 4966.07
219 4956.56
221 4953.4
225 4951.04
227 4944.21
230 4942.29
232 4940.66
236 4937.49
238 4932.05
242 4931.9
246 4927.69
250 4927.46
252 4926.23
254 4923.94
256 4923.94
260 4921.73
265 4921.05
267 4920.07
271 4919.94
273 4918.98
277 4918.89
279 4918.21
281 4918.2
283 4917.94
285 4917.66
287 4917.01
291 4916.59
297 4916.32
299 4916.17
303 4915.87
306 4915.83
308 4915.75
312 4915.65
316 4915.32
323 4915.28
327 4915.27
331 4915.22
333 4915.18
335 4915.17
337 4915.11
339 4915.01
349 4915.01
351 4914.97
359 4914.93
361 4914.92
367 4914.92
371 4914.91
373 4914.9
377 4914.89
381 4914.88
384 4914.88
387 4914.87
392 4914.86
398 4914.86
400 4914.86
407 4914.85
411 4914.85
416 4914.85
419 4914.84
424 4914.84
426 4914.84
435 4914.84
437 4914.84
439 4914.84
441 4914.84
450 4914.84
452 4914.84
456 4914.84
458 4914.84
463 4914.84
467 4914.84
471 4914.84
473 4914.84
475 4914.84
477 4914.84
479 4914.84
481 4914.84
487 4914.84
493 4914.84
495 4914.84
497 4914.84
505 4914.84
507 4914.84
509 4914.84
511 4914.84
513 4914.84
519 4914.84
521 4914.84
523 4914.84
525 4914.84
531 4914.84
536 4914.84
538 4914.84
547 4914.84
549 4914.84
554 4914.84
563 4914.84
569 4914.84
571 4914.84
573 4914.84
577 4914.84
581 4914.84
585 4914.84
591 4914.84
593 4914.84
601 4914.84
609 4914.84
615 4914.84
619 4914.84
631 4914.84
653 4914.84
