 DIM = 4
1 3.08106e+11
7 2.78321e+11
8 2.4608e+11
11 2.25925e+11
12 1.91791e+11
13 1.76414e+11
14 1.2979e+11
16 1.20279e+11
17 7.97323e+10
18 6.55992e+10
19 2.8609e+10
21 1.75986e+10
22 4.1741e+09
23 3.03598e+09
25 1.51821e+09
44 1.41129e+09
45 1.36363e+09
49 1.30007e+09
50 1.21406e+09
53 1.1787e+09
54 1.06946e+09
55 1.02836e+09
56 8.66738e+08
57 8.54056e+08
58 6.92736e+08
60 5.1281e+08
61 3.34636e+08
63 2.49236e+08
64 1.51189e+08
67 1.09028e+08
78 1.03623e+08
79 8.86213e+07
80 7.76868e+07
84 6.30266e+07
85 5.39483e+07
87 5.29753e+07
89 3.97172e+07
90 3.82485e+07
91 2.18631e+07
92 1.47886e+07
94 1.34432e+07
97 1.11559e+07
101 9.86587e+06
103 8.93852e+06
106 8.33111e+06
107 6.21052e+06
110 6.15391e+06
111 4.43912e+06
112 3.99378e+06
126 3.96885e+06
127 3.95536e+06
130 3.89987e+06
131 3.87046e+06
134 3.86537e+06
137 3.83396e+06
141 3.83237e+06
143 3.82472e+06
144 3.81383e+06
149 3.79045e+06
154 3.77925e+06
155 3.77405e+06
156 3.76894e+06
159 3.7448e+06
160 3.73869e+06
161 3.72063e+06
162 3.70792e+06
164 3.67662e+06
165 3.6555e+06
169 3.65541e+06
171 3.58676e+06
172 3.5741e+06
176 3.54061e+06
177 3.52252e+06
178 3.44392e+06
179 3.35979e+06
182 3.30689e+06
183 3.27061e+06
184 3.21219e+06
185 3.17253e+06
186 3.06478e+06
187 2.92727e+06
188 2.91406e+06
189 2.8234e+06
190 2.77052e+06
192 2.56334e+06
193 2.44968e+06
194 2.39687e+06
197 2.17477e+06
198 2.00419e+06
200 1.77392e+06
201 1.57011e+06
204 1.12018e+06
205 881679
209 759153
212 524154
215 314626
216 211711
219 182441
222 154906
225 135946
226 117996
232 94926.2
237 94849.5
240 90420.8
243 89975.6
246 88398.3
251 88369.4
253 87571
258 87196.1
259 87191.9
262 87102.2
263 86668.7
271 86333.2
274 86197.3
275 86168
277 85912.4
287 85906.2
290 85832.1
302 85828.8
304 85828.4
306 85826.9
308 85825
310 85823.5
312 85823.5
316 85823.1
318 85823
320 85822.6
322 85822.3
330 85822.3
332 85822.3
334 85822.3
336 85822.2
338 85822.2
343 85822.2
345 85822.2
346 85822.2
351 85822.2
355 85822.2
358 85822.2
360 85822.2
364 85822.2
368 85822.2
370 85822.2
373 85822.2
377 85822.2
379 85822.2
381 85822.2
383 85822.2
385 85822.2
391 85822.2
393 85822.2
396 85822.2
399 85822.2
406 85822.2
409 85822.2
419 85822.2
