 DIM = 10
1 0.35386
26 0.353324
28 0.30246
37 0.281854
47 0.26751
53 0.23193
72 0.229563
73 0.207353
83 0.200611
94 0.191885
99 0.190518
109 0.177007
132 0.17518
133 0.172288
134 0.169264
146 0.169089
154 0.169008
159 0.168921
161 0.168331
162 0.16608
163 0.166032
167 0.16515
171 0.164048
175 0.162618
182 0.16006
183 0.158923
184 0.15837
194 0.156802
195 0.15548
199 0.153944
204 0.152383
214 0.151427
220 0.150634
234 0.150534
239 0.150412
241 0.150231
245 0.149559
261 0.149321
270 0.149142
273 0.148557
299 0.148509
304 0.14824
324 0.148211
334 0.148181
345 0.148178
349 0.148124
363 0.148114
368 0.148113
369 0.148074
376 0.148072
378 0.148022
390 0.147974
423 0.147968
429 0.147951
450 0.14795
454 0.14794
459 0.147938
462 0.147933
468 0.147927
483 0.147922
485 0.147917
488 0.147916
493 0.147912
494 0.147907
529 0.1479
530 0.147894
539 0.147892
540 0.147888
546 0.147887
547 0.147885
548 0.147877
549 0.147868
554 0.147866
555 0.147853
561 0.147852
562 0.147842
564 0.14784
565 0.147822
569 0.147819
570 0.147802
573 0.147799
575 0.147788
577 0.147784
581 0.147782
584 0.147781
605 0.147777
609 0.147775
622 0.147772
634 0.147769
655 0.147768
660 0.147767
661 0.147765
671 0.147764
672 0.147763
675 0.147762
683 0.147761
685 0.147759
686 0.147758
694 0.147757
695 0.147756
697 0.147755
698 0.147753
706 0.14775
707 0.147747
711 0.147746
712 0.147742
717 0.14774
719 0.147738
726 0.147736
739 0.147735
744 0.147734
745 0.147733
746 0.147732
747 0.147731
753 0.147729
766 0.147728
772 0.147727
778 0.147726
802 0.147725
