 DIM = 10
1 1356
12 1305.41
13 1242.66
22 1227.87
23 1169.88
27 1163.81
28 1104.08
31 1102.77
32 1036.93
35 1016.77
36 927.795
41 922.789
42 858.034
45 853.968
46 796.323
50 777.871
51 747.628
64 707.118
65 671.645
76 668.357
77 637.299
82 628.217
83 599.083
86 593.814
87 567.24
89 566.15
90 529.846
95 509.975
96 485.433
101 471.682
102 447.05
119 434.109
120 431.226
123 428.684
127 411.997
128 397.102
133 391.36
134 375.232
143 362.787
144 358.947
146 355.544
152 352.337
156 342.926
169 334.334
170 332.967
175 326.852
176 323.834
178 317.541
179 308.59
187 302.536
190 296.033
192 294.592
203 288.157
208 288.143
210 287.687
212 286.148
221 276.101
222 269.827
229 267.876
230 266.741
233 259.82
234 259.568
237 256.971
239 250.351
240 246.387
245 239.423
246 237.224
249 232.934
252 230.081
256 227.733
263 226.511
272 226.168
275 222.933
279 221.386
282 218.674
295 215.892
296 214.942
305 213.362
310 212.655
316 212.066
318 209.521
319 209.056
325 206.065
326 203.827
344 202.641
349 200.783
351 200.041
352 199.949
355 199.343
359 198.644
365 197.202
374 196.379
383 195.107
390 193.72
396 193.284
399 193.147
408 192.576
412 191.452
413 190.967
420 190.515
421 189.438
429 188.968
431 187.464
432 186.397
436 185.94
437 185.593
439 183.932
440 181.874
443 181.821
444 180.149
445 179.753
446 176.874
451 175.474
452 173.482
454 171.587
455 167.327
457 167.185
458 162.644
463 157.555
464 149.334
469 148.166
470 145.035
473 138.682
474 131.77
478 128.059
479 123.063
484 122.062
486 111.109
487 99.6392
498 97.7615
499 91.3482
501 87.6438
502 76.3283
506 73.1419
507 64.1262
511 58.8037
512 51.6845
514 49.7688
515 42.2698
518 38.6697
519 36.6807
521 34.8508
523 31.3184
526 30.9897
528 30.1707
530 29.4915
540 29.322
545 27.2333
547 26.6013
558 24.384
572 24.3135
581 23.7127
597 23.5902
601 23.4992
605 23.3327
607 23.3217
618 23.2998
620 23.2947
621 23.1693
631 23.1619
636 23.1567
637 23.1178
639 23.0721
649 23.0078
653 22.9928
658 22.9835
663 22.9743
668 22.8841
669 22.8257
681 22.8122
682 22.801
684 22.8002
689 22.7781
691 22.7122
700 22.705
703 22.6948
705 22.6676
706 22.6597
711 22.6529
713 22.6459
715 22.6266
718 22.5849
719 22.5644
722 22.5486
723 22.5268
725 22.4896
726 22.4488
730 22.4395
731 22.4307
733 22.4294
736 22.3892
741 22.3754
747 22.364
759 22.3343
772 22.3325
774 22.2977
775 22.2863
781 22.2849
784 22.2713
787 22.2495
788 22.2412
791 22.2158
792 22.1927
798 22.1631
799 22.1375
804 22.1336
806 22.1321
808 22.1002
813 22.0719
816 22.0693
818 22.0542
824 22.0522
826 22.0394
828 22.016
829 22.0152
831 21.9975
833 21.9742
834 21.9674
836 21.9516
837 21.9459
839 21.9146
840 21.9041
842 21.8803
844 21.8736
846 21.8735
848 21.8634
850 21.8096
851 21.798
853 21.7952
855 21.7011
856 21.6116
866 21.5913
867 21.5658
869 21.5646
871 21.5431
873 21.5392
875 21.514
877 21.455
880 21.411
888 21.3686
890 21.36
899 21.3009
900 21.2969
904 21.2853
913 21.2633
921 21.249
923 21.217
935 21.1957
936 21.1953
947 21.1813
949 21.1773
953 21.168
955 21.1569
959 21.136
960 21.1259
968 21.1221
971 21.1161
975 21.1157
977 21.1026
979 21.0838
980 21.0836
986 21.0627
987 21.046
998 21.0436
1000 21.0072
1001 20.974
1011 20.9702
1013 20.9472
1014 20.9411
1015 20.9254
1016 20.9136
1019 20.9104
1021 20.9081
1023 20.8776
1024 20.8622
1025 20.8363
1026 20.7853
1029 20.7707
1030 20.7184
1035 20.6864
1036 20.6617
1037 20.6345
1038 20.6044
1040 20.5503
1041 20.4875
1046 20.4371
1048 20.4354
1051 20.4169
1055 20.3094
1056 20.2519
1059 20.2221
1060 20.1599
1067 20.0827
1068 20.0459
1069 19.9897
1070 19.9185
1071 19.8286
1072 19.6144
1080 19.5723
1082 19.4869
1083 19.4357
1086 19.3629
1088 19.2389
1089 19.1323
1092 18.9972
1093 18.7972
1105 18.7892
1109 18.6022
1110 18.5774
1122 18.5347
1125 18.5157
1130 18.5156
1132 18.4801
1135 18.4612
1139 18.4583
1148 18.4529
1152 18.4337
1153 18.4214
1160 18.4205
1161 18.4174
1163 18.3888
1174 18.3852
1177 18.3824
1180 18.3811
1183 18.3804
1186 18.3791
1188 18.3775
1189 18.3556
1208 18.3542
1219 18.3506
1221 18.345
1222 18.3431
1242 18.3399
1246 18.3347
1247 18.333
1263 18.3287
1264 18.3258
1267 18.3249
1268 18.3229
1277 18.3208
1279 18.3148
1280 18.313
1286 18.3128
1288 18.3104
1292 18.3085
1296 18.3061
1306 18.3049
1318 18.3026
1322 18.3023
1328 18.2994
1329 18.2984
1342 18.2981
1345 18.2967
1347 18.2964
1351 18.2949
1352 18.2946
1354 18.2941
1356 18.2938
1361 18.2935
1364 18.2932
1367 18.2926
1369 18.2924
1371 18.2919
1375 18.2908
1380 18.2895
1383 18.2892
1400 18.2888
1402 18.2872
1403 18.2867
1413 18.2863
1418 18.2861
1425 18.2854
1428 18.2852
1437 18.2852
1443 18.2849
1445 18.2847
1449 18.2842
1464 18.2841
1466 18.284
1470 18.284
1475 18.2838
1478 18.2838
1483 18.2838
1487 18.2837
1496 18.2837
1499 18.2837
1500 18.2835
1514 18.2834
1523 18.2834
1532 18.2834
1535 18.2833
1544 18.2833
1551 18.2833
1553 18.2833
1556 18.2833
1560 18.2833
1572 18.2832
1583 18.2832
1584 18.2832
1588 18.2832
1591 18.2832
1592 18.2832
1596 18.2832
1597 18.2832
1599 18.2832
1601 18.2831
1602 18.2831
1607 18.2831
1608 18.2831
1611 18.283
1613 18.283
1617 18.283
1620 18.283
1621 18.283
1623 18.2829
1624 18.2829
1630 18.2829
1633 18.2829
1635 18.2829
1638 18.2828
1640 18.2828
1641 18.2828
1648 18.2828
1649 18.2827
