 DIM = 6
1 70.5752
7 69.1647
8 68.8778
9 67.331
12 67.2415
13 65.5082
14 65.4231
15 62.9096
18 61.5689
19 58.7362
21 56.4131
22 51.0913
25 51.0614
26 47.2312
27 47.187
28 43.9864
30 40.7039
31 39.4702
36 37.7601
45 37.0491
47 36.1511
48 35.5164
49 34.8346
50 33.7438
52 32.8398
53 31.072
54 30.535
55 27.9615
57 27.5389
58 24.671
62 21.9878
64 16.8665
65 11.6792
73 10.3417
81 7.47939
82 6.79865
84 6.15539
86 5.32511
87 5.26501
92 4.10211
97 2.33584
107 2.2629
111 2.10249
113 2.04976
115 1.82589
118 1.71796
121 1.523
122 1.26513
134 1.10012
138 1.04048
139 1.0312
142 0.887806
146 0.717549
147 0.597782
150 0.590499
151 0.543793
153 0.430316
158 0.176987
159 0.16711
165 0.154617
167 0.091784
174 0.089615
176 0.067211
180 0.055455
182 0.047502
186 0.037509
187 0.029149
194 0.025137
195 0.006524
215 0.005675
224 0.003675
247 0.003653
250 0.003568
254 0.003553
256 0.003498
264 0.003494
266 0.003491
268 0.003473
272 0.003472
274 0.003469
276 0.003467
283 0.003465
286 0.003463
291 0.003461
312 0.00346
