 DIM = 11
1 112
13 110.121
14 107.654
24 107.179
25 104.812
30 104.536
31 102.144
35 101.498
36 98.6187
40 98.5826
41 95.7604
44 95.4925
45 92.4447
49 91.7444
50 88.8745
56 88.6859
58 88.2486
63 88.1193
67 87.5472
77 86.9479
78 86.3996
82 86.3723
83 85.8499
86 85.6687
87 84.935
90 84.6896
91 83.3835
96 83.3079
97 81.959
102 81.9075
103 80.5981
107 80.5483
108 79.7953
111 79.2544
112 78.8534
114 78.5983
123 78.5035
126 78.4652
128 77.6243
129 77.5046
133 77.4728
135 77.3887
139 76.859
140 76.4498
144 76.3047
146 76.0552
147 75.5534
148 75.4237
149 75.0783
155 73.9649
156 73.4195
159 73.3898
163 73.0905
166 72.7309
170 72.3481
179 71.5014
180 71.3123
183 71.0932
192 70.7998
196 70.3015
197 70.0126
206 69.8537
213 69.4287
215 69.307
224 69.2275
225 69.0997
231 68.7675
235 68.6837
238 68.4997
244 68.2699
248 67.9029
249 67.7662
256 67.4669
257 67.1949
264 67.1615
267 66.7717
282 66.6399
292 66.4973
302 66.3957
304 66.3585
309 66.2495
317 66.1604
322 65.9846
324 65.9497
325 65.8573
336 65.7665
338 65.7094
339 65.6056
346 65.5852
348 65.388
349 65.2313
353 65.2029
354 65.0889
360 65.0328
361 64.9749
362 64.9242
365 64.8902
368 64.6844
372 64.4098
373 64.1779
376 63.9624
377 63.5333
385 63.4141
386 63.39
389 63.3197
395 63.2653
397 62.6216
398 62.5611
399 62.0676
400 61.5751
417 61.0836
420 60.8727
421 60.7596
422 60.7564
423 60.5804
425 60.5744
430 60.2747
432 60.0991
434 59.3147
435 58.7555
442 58.5132
443 58.0651
447 58.0442
450 57.5418
451 57.0206
452 56.9366
453 56.8663
454 56.4892
455 55.5437
460 55.2969
461 55.2478
463 54.5671
466 53.5036
467 53.0587
469 52.9948
473 52.2524
474 51.3485
486 50.9294
489 49.671
490 48.9094
504 48.0926
506 47.5669
516 46.7431
519 45.8079
539 45.7366
544 45.4569
550 44.6546
573 44.4638
579 44.3905
583 44.2563
587 44.0592
588 43.8693
594 43.8108
597 43.7982
601 43.7353
605 43.595
617 43.3865
618 43.3686
628 43.3247
631 43.1863
635 43.1216
638 43.0643
646 42.9387
655 42.8829
659 42.8488
669 42.7872
689 42.6877
690 42.6738
700 42.6605
703 42.6353
708 42.6242
714 42.5951
723 42.5938
736 42.5665
746 42.5321
747 42.5311
760 42.5175
761 42.5163
762 42.5117
764 42.4924
769 42.4718
770 42.4652
772 42.4643
777 42.4366
778 42.4318
782 42.4137
783 42.4036
784 42.4025
785 42.3771
792 42.3752
793 42.347
797 42.3383
798 42.297
802 42.2802
803 42.2292
808 42.2236
809 42.1689
815 42.1238
816 42.0645
819 42.0549
820 41.9759
824 41.9758
825 41.9139
829 41.8661
830 41.7912
833 41.7538
834 41.6352
840 41.6042
841 41.5441
844 41.535
848 41.4667
849 41.4282
850 41.3673
851 41.2291
858 41.1762
859 41.0585
863 41.0217
864 40.9905
866 40.8754
867 40.7455
872 40.633
873 40.5337
874 40.3806
875 40.0237
881 40.0094
882 39.9646
883 39.8837
884 39.7522
886 39.5322
887 39.2937
890 39.1679
891 38.9643
894 38.6777
898 38.4758
902 38.1321
910 37.748
911 37.5139
922 37.3278
928 37.0977
931 36.9821
948 36.8807
957 36.6998
980 36.6227
991 36.5757
995 36.5131
996 36.4717
1005 36.4631
1008 36.4357
1009 36.4335
1010 36.3892
1012 36.3734
1013 36.3405
1017 36.2732
1018 36.2049
1021 36.1858
1022 36.1689
1024 36.1281
1025 36.0914
1027 36.0838
1028 36.0518
1032 35.9518
1041 35.901
1043 35.826
1044 35.7392
1051 35.707
1054 35.6087
1055 35.5919
1058 35.5005
1059 35.3387
1066 35.3085
1067 35.1627
1071 35.1322
1072 35.1009
1074 34.9298
1075 34.7221
1078 34.6395
1079 34.3315
1086 34.3031
1088 33.9948
1089 33.6301
1096 33.5956
1097 33.4145
1099 33.2905
1100 33.1973
1104 32.9948
1106 32.9179
1108 32.8598
1110 32.659
1121 32.3404
1143 32.29
1145 32.1835
1148 32.1486
1149 32.0755
1151 31.9834
1152 31.8233
1161 31.8224
1163 31.7142
1168 31.3625
1169 31.0481
1181 30.9081
1183 30.8717
1185 30.8488
1187 30.6635
1188 30.6278
1191 30.5331
1192 30.3906
1194 30.3838
1195 30.3541
1196 30.2189
1198 30.0298
1199 29.8322
1200 29.741
1201 29.3044
1206 29.194
1207 28.9129
1214 28.648
1216 28.5582
1217 28.4275
1219 28.1094
1220 27.6144
1227 27.4437
1229 26.9099
1230 26.172
1236 26.1461
1237 26.0069
1242 25.8979
1244 25.6722
1250 24.9283
1259 24.8148
1263 24.6044
1274 24.5388
1276 24.4162
1280 24.3941
1282 24.1436
1284 24.0134
1286 23.9269
1296 23.9171
1301 23.761
1306 23.7123
1312 23.6848
1317 23.4444
1338 23.328
1339 23.2639
1352 23.2605
1354 23.2065
1357 23.1944
1361 23.1744
1364 23.151
1368 23.1376
1377 23.1217
1381 23.1142
1388 23.0667
1395 23.0589
1406 23.0382
1408 23.0162
1419 23.0027
1420 23.0005
1429 22.9913
1431 22.9572
1432 22.9247
1448 22.9053
1450 22.8966
1454 22.8887
1457 22.8767
1463 22.8629
1472 22.852
1476 22.8515
1481 22.837
1482 22.8231
1487 22.8075
1488 22.7925
1493 22.7901
1501 22.79
1506 22.777
1509 22.7527
1521 22.7515
1527 22.7458
1530 22.7249
1531 22.713
1546 22.7077
1551 22.7013
1555 22.6941
1565 22.6863
1570 22.6812
1571 22.6795
1578 22.679
1587 22.6742
1589 22.6699
1598 22.6532
1599 22.6436
1608 22.6409
1609 22.6307
1618 22.6184
1621 22.6154
1625 22.6141
1626 22.6133
1633 22.5949
1634 22.5818
1638 22.5737
1639 22.5681
1645 22.5398
1646 22.5189
1651 22.4942
1652 22.4544
1657 22.4471
1658 22.4119
1663 22.4037
1664 22.356
1667 22.3469
1668 22.3055
1673 22.2666
1674 22.1988
1678 22.1882
1679 22.1216
1685 22.0861
1686 22.0575
1688 22.0404
1689 22.0288
1690 22.0148
1691 21.9879
1695 21.9448
1696 21.9008
1704 21.897
1705 21.8811
1708 21.8397
1709 21.8159
1713 21.7876
1714 21.7405
1716 21.7029
1717 21.6381
1722 21.6077
1724 21.5619
1725 21.4874
1730 21.4105
1731 21.2814
1739 21.1798
1740 21.0177
1750 20.9013
1751 20.7261
1755 20.7244
1756 20.6351
1760 20.5758
1761 20.4572
1763 20.4359
1764 20.3651
1765 20.3274
1766 20.2224
1767 20.1526
1768 19.9109
1773 19.8904
1774 19.8572
1777 19.7397
1781 19.6409
1783 19.6174
1796 19.4739
1797 19.4549
