 DIM = 9
1 54
19 53.9947
20 53.967
24 53.9647
25 53.9322
28 53.9283
29 53.886
32 53.8841
33 53.8312
36 53.8199
37 53.7464
40 53.742
41 53.6469
44 53.6414
45 53.5192
48 53.5045
49 53.3412
52 53.3364
53 53.1314
56 53.1095
57 52.8408
60 52.81
61 52.6105
63 52.5592
64 52.3513
65 52.3422
66 52.012
75 51.9191
76 51.7175
81 51.6656
82 51.4367
85 51.3745
86 51.0458
90 51.003
91 50.621
93 50.6027
94 50.0728
97 50.0625
98 49.3753
102 49.0392
103 48.036
108 47.7261
109 46.8151
112 46.6534
113 45.5495
116 45.5336
117 44.1309
120 43.9151
122 43.826
123 42.2292
125 42.1898
127 41.653
139 40.7777
140 40.2302
159 39.686
160 38.9933
177 38.7202
180 38.3081
183 38.0702
184 37.089
189 37.053
190 36.8442
192 36.833
199 36.3147
215 35.7327
216 35.2846
231 35.136
232 34.5987
238 34.1403
239 33.427
246 32.8555
247 32.4504
250 32.2756
251 32.2422
255 31.5738
256 30.7759
261 30.3977
262 29.8776
269 29.8494
270 29.7462
273 29.4767
274 29.2227
283 29.1278
284 28.7733
286 28.7406
288 28.5333
289 28.475
291 28.1878
292 28.067
293 28.0359
295 27.7914
296 27.2697
298 27.0058
305 26.572
306 25.7571
323 25.4421
325 25.1614
348 25.0644
358 24.963
362 24.9073
364 24.8452
370 24.7701
387 24.7567
389 24.698
399 24.612
400 24.5308
411 24.5133
412 24.3984
415 24.3803
416 24.2215
424 24.099
425 23.9008
431 23.7856
432 23.4794
437 23.4778
438 23.106
441 23.0855
442 22.6081
446 22.5105
461 22.5082
465 22.5053
469 22.5021
488 22.5015
499 22.5009
511 22.5006
529 22.5003
531 22.5002
553 22.5001
563 22.5001
584 22.5
594 22.5
602 22.5
629 22.5
639 22.5
641 22.5
692 22.5
