 DIM = 7
1 11189
9 11132.9
10 11020.7
13 10995.8
14 10857.1
17 10804.8
18 10612.7
21 10554.8
22 10314.4
25 10179.8
26 9824.59
29 9734.69
30 9285.68
33 9103.92
34 8495.91
37 8225.47
38 7379.26
41 7100.8
42 5982.78
45 5545.31
46 4023.03
49 3426.66
50 1356.22
53 575.116
71 424.375
73 324.325
75 286.211
78 262.033
86 255.3
88 199.236
90 140.276
94 121.705
98 112.108
104 90.8177
106 69.2086
108 63.1628
112 60.279
114 59.9122
116 54.6109
120 43.0662
122 37.468
124 33.995
126 32.8554
128 31.6926
130 31.6253
132 28.0074
136 22.3276
140 22.2947
142 18.7778
146 18.2478
150 16.9696
154 15.7443
164 15.6808
166 15.5504
174 15.5222
185 15.4335
187 15.4179
193 15.414
196 15.4117
198 15.4076
200 15.3974
202 15.389
204 15.3835
208 15.3786
214 15.376
232 15.376
248 15.3754
259 15.3752
272 15.3751
283 15.3751
293 15.375
296 15.375
307 15.375
332 15.375
337 15.375
366 15.375
