 DIM = 5
1 2.53776e+09
10 2.45217e+09
11 2.36855e+09
12 2.27324e+09
13 2.09489e+09
15 2.03168e+09
16 1.85868e+09
17 1.84119e+09
18 1.6856e+09
19 1.6843e+09
21 1.32679e+09
22 9.82246e+08
27 8.67428e+08
29 6.27838e+08
30 4.7856e+08
33 2.63437e+08
34 2.0421e+08
38 7.54064e+07
50 6.91212e+07
53 3.7046e+07
60 2.12764e+07
64 1.97392e+07
68 8.48048e+06
69 6.21867e+06
77 6.20094e+06
79 2.59574e+06
83 2.00545e+06
87 1.64655e+06
89 1.47209e+06
91 869401
95 732779
99 466266
101 394293
103 262712
106 164454
111 101722
115 73724.2
120 65588
121 47142.2
124 36122.8
127 24154.8
130 6851.43
141 6266.8
143 4673.31
145 4109.02
146 2893.72
151 1719.83
159 1656.11
160 1096.83
163 977.836
165 818.925
168 663.956
171 550.198
175 431.521
176 371.1
179 357.841
181 329.873
184 275.181
185 117.403
197 98.5498
199 70.5301
209 44.1531
214 32.6466
216 31.7451
219 12.2328
227 5.90102
234 5.53289
238 3.28756
243 2.61854
246 2.2603
250 1.22671
259 1.06306
265 0.987488
268 0.729442
271 0.378046
272 0.285817
278 0.085764
294 0.048237
304 0.031138
306 0.024461
312 0.022523
316 0.020629
317 0.01767
320 0.017255
325 0.017236
326 0.012084
327 0.011016
331 0.010393
333 0.010251
338 0.006007
339 0.00575
340 0.005727
344 0.005013
347 0.002817
350 0.002017
356 0.001292
361 0.001277
368 0.001207
370 0.00049
382 0.000461
384 0.000178
385 0.000135
392 8.3e-05
395 3.6e-05
397 2.8e-05
402 1.8e-05
406 9e-06
413 5e-06
415 3e-06
419 2e-06
425 1e-06
435 0
