 DIM = 7
1 5.00558e+08
9 4.95801e+08
10 4.85576e+08
13 4.83666e+08
14 4.71721e+08
17 4.67654e+08
18 4.50854e+08
21 4.46325e+08
22 4.25919e+08
25 4.14907e+08
26 3.86289e+08
29 3.7934e+08
30 3.45152e+08
33 3.3169e+08
34 2.89188e+08
37 2.71474e+08
38 2.18311e+08
41 2.02243e+08
42 1.43869e+08
45 1.23579e+08
46 6.53959e+07
49 4.74832e+07
50 7.63144e+06
53 1.44998e+06
56 1.21947e+06
72 681185
74 536855
78 414082
80 358531
82 305431
84 287659
86 250773
88 136482
90 122719
92 107296
94 84692
96 70958.4
98 62805.3
100 56498.6
102 52038.4
104 26970.9
106 25303.1
108 21084.9
110 17683.6
112 13733.2
114 13264
116 10802.5
120 5137.08
124 3977.12
126 3863.67
128 2533.7
132 2085.71
136 1009.8
140 744.575
144 551.507
148 447.964
152 216.807
156 168.95
160 111.837
164 95.3059
168 51.6579
172 38.9945
176 32.4957
178 32.1555
180 27.2551
184 17.9223
188 16.7208
190 16.0363
192 14.2142
196 13.4762
200 11.6816
202 11.6325
204 11.1468
208 10.7741
212 10.5746
216 10.2218
220 10.137
224 10.064
228 10.0337
232 9.95808
236 9.93881
240 9.92286
244 9.91495
248 9.90087
252 9.89712
256 9.89439
260 9.89311
264 9.88992
268 9.88924
272 9.88848
276 9.88818
280 9.88768
284 9.88746
288 9.8874
290 9.88737
292 9.88734
294 9.88731
296 9.88718
300 9.88718
302 9.88715
304 9.88714
306 9.88714
308 9.88713
310 9.88712
312 9.88711
314 9.8871
316 9.8871
318 9.88709
320 9.88709
322 9.88709
324 9.88709
328 9.88708
330 9.88708
332 9.88708
336 9.88708
344 9.88708
347 9.88708
364 9.88708
