 DIM = 7
1 1.16859e+09
9 1.16442e+09
10 1.14781e+09
13 1.14414e+09
14 1.12381e+09
16 1.12337e+09
17 1.09705e+09
19 1.09248e+09
20 1.05538e+09
23 1.03962e+09
24 9.87533e+08
27 9.76283e+08
28 9.14454e+08
30 9.13235e+08
31 8.36515e+08
33 8.1922e+08
34 7.12341e+08
37 6.71805e+08
38 5.36677e+08
41 5.07166e+08
42 3.63933e+08
45 3.08928e+08
46 1.64264e+08
49 1.27359e+08
50 2.73172e+07
53 6.50677e+06
55 4.4017e+06
57 2.70485e+06
72 2.67552e+06
74 1.80184e+06
76 1.40744e+06
78 843610
82 595677
86 529536
90 355632
92 292323
94 192640
96 175754
98 141266
100 125899
102 97960.3
106 70227.2
108 60508
110 37992.2
112 36222.4
114 27828.2
116 26018.4
118 23697.3
120 20575.3
122 13556.7
124 12821.9
126 7272.03
130 5290.68
134 4447.24
138 2485.21
142 1466.5
146 1053.46
150 838.891
154 526.928
158 309.04
162 228.181
166 192.862
168 187.809
170 112.065
174 65.3025
178 48.8965
182 43.0011
186 29.0326
190 21.0054
192 20.4856
194 17.5906
196 17.1716
198 15.473
202 12.8202
204 12.8028
206 10.7576
210 10.0942
214 9.79732
218 9.16857
222 8.89323
224 8.87209
226 8.75644
228 8.73631
230 8.68719
232 8.67742
234 8.57498
236 8.54799
238 8.47769
242 8.45108
246 8.43724
250 8.41583
254 8.4005
258 8.39495
262 8.39251
266 8.38722
270 8.38415
274 8.38309
278 8.38254
282 8.38169
286 8.38114
288 8.38108
290 8.38091
292 8.38086
294 8.38081
296 8.38076
298 8.38059
300 8.38058
302 8.38045
306 8.3804
310 8.38038
314 8.38034
318 8.38031
322 8.3803
326 8.3803
330 8.38029
334 8.38029
338 8.38029
346 8.38028
350 8.38028
356 8.38028
