 DIM = 5
1 5.83904e+06
9 5.83804e+06
10 5.80597e+06
11 5.80508e+06
12 5.75851e+06
13 5.75449e+06
14 5.68453e+06
16 5.66626e+06
17 5.5727e+06
19 5.51446e+06
20 5.36873e+06
22 5.33133e+06
23 5.1412e+06
24 5.14049e+06
25 4.86775e+06
27 4.72761e+06
28 4.30297e+06
30 4.1211e+06
31 3.89237e+06
32 3.69255e+06
33 3.60646e+06
44 3.56279e+06
45 3.39765e+06
50 3.34111e+06
51 3.32015e+06
52 3.16233e+06
54 3.07192e+06
55 2.97929e+06
70 2.95334e+06
71 2.91682e+06
87 2.89913e+06
103 2.89643e+06
109 2.89515e+06
113 2.8934e+06
116 2.89115e+06
117 2.88958e+06
120 2.88691e+06
121 2.88603e+06
129 2.88487e+06
132 2.87876e+06
133 2.87372e+06
139 2.86963e+06
140 2.86445e+06
141 2.86428e+06
142 2.85604e+06
145 2.84874e+06
146 2.83604e+06
147 2.8344e+06
148 2.8147e+06
151 2.80295e+06
152 2.78148e+06
153 2.77237e+06
154 2.73507e+06
160 2.72825e+06
173 2.72698e+06
177 2.72379e+06
178 2.71968e+06
183 2.71719e+06
184 2.71513e+06
186 2.71025e+06
187 2.70205e+06
192 2.70106e+06
193 2.6931e+06
195 2.69242e+06
196 2.68131e+06
197 2.6795e+06
198 2.66214e+06
200 2.66032e+06
201 2.63882e+06
207 2.63863e+06
220 2.62977e+06
221 2.62513e+06
231 2.62141e+06
233 2.61703e+06
234 2.61345e+06
245 2.61133e+06
251 2.61014e+06
255 2.60571e+06
256 2.60355e+06
283 2.6033e+06
289 2.60313e+06
296 2.603e+06
298 2.60286e+06
299 2.60258e+06
346 2.60257e+06
347 2.60257e+06
352 2.60256e+06
357 2.60255e+06
369 2.60254e+06
371 2.60254e+06
377 2.60254e+06
378 2.60253e+06
380 2.60253e+06
382 2.60252e+06
383 2.60251e+06
384 2.60251e+06
385 2.6025e+06
387 2.6025e+06
388 2.60249e+06
389 2.60248e+06
390 2.60247e+06
391 2.60245e+06
392 2.60241e+06
395 2.6024e+06
396 2.60236e+06
397 2.60234e+06
398 2.60226e+06
401 2.60221e+06
402 2.6021e+06
404 2.60206e+06
405 2.6019e+06
407 2.60187e+06
408 2.60166e+06
409 2.60164e+06
410 2.60133e+06
412 2.60124e+06
413 2.60081e+06
415 2.60057e+06
416 2.59991e+06
418 2.59973e+06
419 2.59886e+06
421 2.59854e+06
422 2.59735e+06
423 2.59724e+06
424 2.59545e+06
426 2.59475e+06
427 2.59214e+06
429 2.59074e+06
430 2.58662e+06
432 2.58597e+06
433 2.58092e+06
434 2.5808e+06
435 2.57356e+06
437 2.56982e+06
438 2.55875e+06
440 2.55385e+06
441 2.53757e+06
443 2.53429e+06
444 2.51385e+06
445 2.51239e+06
446 2.4815e+06
448 2.46751e+06
449 2.42129e+06
451 2.3991e+06
452 2.32993e+06
454 2.31638e+06
462 2.30602e+06
470 2.30458e+06
472 2.30055e+06
492 2.30046e+06
515 2.30032e+06
548 2.30032e+06
554 2.30032e+06
559 2.30031e+06
573 2.30031e+06
574 2.30031e+06
575 2.30031e+06
576 2.3003e+06
579 2.3003e+06
580 2.30029e+06
583 2.30029e+06
584 2.30028e+06
586 2.30027e+06
587 2.30026e+06
589 2.30026e+06
590 2.30024e+06
591 2.30023e+06
592 2.30021e+06
594 2.30019e+06
595 2.30015e+06
597 2.30014e+06
598 2.30009e+06
599 2.30009e+06
600 2.30001e+06
602 2.29997e+06
603 2.29985e+06
605 2.2998e+06
606 2.29962e+06
608 2.29959e+06
609 2.29937e+06
610 2.29935e+06
611 2.29902e+06
613 2.29887e+06
614 2.29838e+06
616 2.29815e+06
617 2.29741e+06
619 2.29727e+06
620 2.29635e+06
621 2.2963e+06
622 2.29494e+06
624 2.29428e+06
625 2.29223e+06
646 2.29218e+06
648 2.2921e+06
656 2.2921e+06
658 2.29208e+06
660 2.29206e+06
664 2.29206e+06
666 2.29204e+06
668 2.29204e+06
670 2.29204e+06
672 2.29203e+06
674 2.29203e+06
676 2.29203e+06
678 2.29202e+06
682 2.29202e+06
684 2.29201e+06
686 2.29201e+06
690 2.29201e+06
694 2.29201e+06
698 2.29201e+06
700 2.29201e+06
702 2.292e+06
706 2.292e+06
708 2.292e+06
710 2.292e+06
712 2.292e+06
714 2.292e+06
716 2.292e+06
718 2.292e+06
722 2.292e+06
724 2.292e+06
726 2.292e+06
728 2.292e+06
730 2.292e+06
734 2.292e+06
738 2.292e+06
740 2.292e+06
742 2.292e+06
744 2.292e+06
746 2.292e+06
750 2.292e+06
752 2.292e+06
754 2.292e+06
756 2.292e+06
758 2.292e+06
760 2.292e+06
762 2.292e+06
766 2.292e+06
770 2.292e+06
774 2.292e+06
776 2.292e+06
778 2.292e+06
780 2.292e+06
782 2.292e+06
784 2.292e+06
786 2.292e+06
790 2.292e+06
794 2.292e+06
798 2.292e+06
800 2.292e+06
803 2.292e+06
816 2.292e+06
858 2.292e+06
