 DIM = 6
1 2.32392e+06
10 2.31291e+06
11 2.27215e+06
13 2.25099e+06
14 2.18799e+06
17 2.1561e+06
18 2.06922e+06
20 2.05265e+06
21 1.94211e+06
24 1.87738e+06
25 1.72904e+06
27 1.72591e+06
28 1.56569e+06
30 1.55678e+06
31 1.38115e+06
32 1.37967e+06
33 1.14549e+06
35 1.13665e+06
36 902216
38 829875
39 576181
41 496906
42 267694
44 235633
45 77891
47 56251.9
48 5946.51
50 5545.02
60 5192.94
70 5096.65
72 4978.02
75 4659.34
81 4627.15
82 4544.58
84 4510.62
87 4169.17
88 4039.71
89 3912.77
90 3584.96
97 3402.27
98 2986.9
102 2967.57
103 2598.17
106 2365.49
107 2007.72
108 1863.13
109 1335.91
111 1236.19
112 1026.11
135 1024.08
137 984.012
140 944.792
141 918.727
147 869.223
148 825.264
154 779.801
155 718.548
158 716.08
159 682.57
160 651.055
161 583.698
165 537.717
166 533.524
167 516.177
169 484.427
172 477.917
174 454.064
183 434.194
200 430.876
208 426.429
209 423.411
214 420.093
215 415.716
219 413.53
220 406.814
226 400.802
227 393.583
229 390.421
230 379.91
233 379.082
234 367.61
237 358.459
238 338.183
240 335.517
241 308.572
244 299.535
245 266.968
246 262.672
247 209.46
250 201.198
252 161.511
253 152.685
254 113.842
257 104.721
263 91.3373
268 87.5971
270 76.3479
272 67.6246
274 53.5111
275 46.9406
276 34.1061
277 16.9524
284 14.2349
286 12.8243
290 11.7244
294 9.51662
296 8.16344
299 7.44465
301 6.77696
303 6.05946
311 6.05251
314 5.27354
325 5.24321
326 4.88875
332 4.7122
336 4.34502
337 4.14884
345 4.05802
346 3.95279
347 3.94317
352 3.80592
368 3.80175
369 3.78872
372 3.78834
373 3.7811
377 3.76425
387 3.7619
392 3.75247
407 3.75092
417 3.75021
420 3.75015
