 DIM = 6
1 70.5625
7 69.0992
8 68.8961
9 67.3046
12 67.3018
13 65.5674
14 65.4822
15 62.9191
18 61.6008
19 58.7944
21 56.4635
22 51.1423
25 51.1034
26 47.2044
28 45.6199
29 41.8062
30 40.9915
31 39.09
42 38.189
44 37.7341
47 36.3447
51 36.063
53 34.5297
54 33.425
58 31.8015
59 30.746
60 29.8985
61 27.8399
68 26.6204
69 26.1797
73 24.034
74 21.7606
84 20.6132
85 19.7435
86 19.2198
88 17.5627
89 16.1469
91 16.0367
93 15.5537
95 13.3531
98 12.4699
103 11.7145
114 10.769
119 9.90683
120 9.50279
124 9.33333
128 8.9893
130 8.14143
131 7.77562
136 7.73728
138 7.2263
142 6.53083
143 6.01574
146 5.73879
148 5.56851
150 4.41298
151 3.98192
152 3.53679
153 2.88507
155 2.56163
156 2.38898
157 2.0803
160 0.4737
162 0.456449
167 0.328241
178 0.301636
180 0.219881
181 0.165033
185 0.144364
187 0.135941
189 0.064216
194 0.052633
197 0.038915
202 0.034639
205 0.02216
207 0.015662
210 0.010875
221 0.010569
223 0.00928
226 0.007165
237 0.006968
241 0.006823
243 0.006312
248 0.006258
252 0.005946
259 0.005899
262 0.005837
268 0.005765
270 0.005759
272 0.005755
274 0.005745
276 0.005739
279 0.005697
281 0.005693
283 0.005689
287 0.00568
294 0.005674
298 0.005669
307 0.005668
311 0.005667
313 0.005666
334 0.005665
