 DIM = 6
1 0.329089
2 0.315791
9 0.305509
11 0.288604
14 0.259806
15 0.245718
26 0.242361
33 0.230152
40 0.226041
44 0.224419
57 0.223731
61 0.223465
63 0.223018
64 0.219027
79 0.219017
80 0.21774
88 0.217601
116 0.217597
120 0.217582
122 0.217485
124 0.217431
130 0.217286
132 0.217226
137 0.217217
144 0.217213
151 0.217115
155 0.217108
156 0.217102
160 0.217038
161 0.217007
164 0.216968
165 0.21688
168 0.216857
169 0.216819
171 0.216686
172 0.216541
174 0.216518
175 0.216342
177 0.21618
178 0.215858
181 0.215725
182 0.215415
184 0.215271
185 0.214841
186 0.214755
187 0.214116
190 0.214114
191 0.213936
192 0.213913
194 0.2132
202 0.213078
203 0.212814
204 0.21259
205 0.211935
211 0.211819
212 0.211388
214 0.211007
218 0.210475
219 0.209596
226 0.209456
228 0.209279
229 0.208845
231 0.208005
232 0.207317
240 0.206994
247 0.20658
271 0.206367
284 0.206243
296 0.206185
297 0.206095
308 0.206082
309 0.206
311 0.205948
312 0.205809
315 0.205757
316 0.205575
318 0.20557
319 0.205515
320 0.205443
329 0.205395
342 0.20537
344 0.205355
345 0.205353
347 0.205352
348 0.205308
349 0.205256
351 0.205244
352 0.205243
353 0.205232
355 0.205145
387 0.205134
390 0.205127
391 0.205111
405 0.205101
406 0.205091
411 0.20509
412 0.205078
414 0.205076
415 0.205062
417 0.205058
418 0.205052
419 0.205038
420 0.20501
423 0.204989
447 0.204986
448 0.204975
450 0.204971
454 0.204967
458 0.204951
459 0.204934
465 0.204933
467 0.204909
468 0.204908
478 0.204906
495 0.204905
501 0.204898
502 0.204893
510 0.204891
511 0.204887
517 0.204882
518 0.204879
520 0.204874
521 0.204867
525 0.204858
526 0.204845
529 0.204839
530 0.204825
532 0.204823
533 0.204806
534 0.204802
535 0.204774
537 0.204765
538 0.204729
539 0.204728
540 0.204672
542 0.204667
543 0.204593
545 0.204565
546 0.204459
548 0.20445
549 0.204317
551 0.204258
552 0.204052
554 0.20399
555 0.203686
557 0.203662
558 0.203255
560 0.203141
562 0.202995
564 0.202872
573 0.202804
577 0.202774
612 0.202767
630 0.202766
