 DIM = 7
1 0.033771
6 0.031756
9 0.031602
12 0.02906
16 0.028384
19 0.028097
28 0.024146
29 0.024075
35 0.023376
36 0.023099
39 0.020903
40 0.019431
44 0.018652
49 0.016827
52 0.014643
56 0.011972
68 0.010699
72 0.010544
78 0.010411
80 0.010381
82 0.009577
85 0.008797
87 0.008526
92 0.007744
103 0.007723
110 0.007603
117 0.007396
125 0.00728
126 0.007263
134 0.00726
140 0.007185
145 0.007184
147 0.007159
152 0.007101
159 0.007076
165 0.007046
167 0.007044
173 0.007007
175 0.006984
176 0.006983
177 0.006961
178 0.006955
179 0.006928
180 0.006927
182 0.00692
184 0.006816
185 0.006743
186 0.006739
187 0.006651
190 0.006619
191 0.006615
192 0.006525
193 0.00652
194 0.006413
195 0.006394
196 0.006075
197 0.005738
199 0.005733
200 0.005295
203 0.005061
204 0.004565
208 0.004554
210 0.004443
212 0.003922
214 0.003628
215 0.003468
220 0.002829
221 0.00239
223 0.00211
224 0.001931
226 0.00169
236 0.00159
242 0.001572
245 0.001303
258 0.001301
265 0.001158
266 0.001127
269 0.001106
271 0.001096
273 0.000963
274 0.000939
276 0.000802
277 0.000697
282 0.000663
284 0.000521
289 0.000471
299 0.000455
304 0.000427
306 0.000388
310 0.000323
313 0.000312
320 0.000302
325 0.000228
326 0.000214
329 0.000167
330 0.000138
335 7.8e-05
337 6.1e-05
343 5.1e-05
351 2.2e-05
365 1.7e-05
369 6e-06
383 5e-06
386 3e-06
390 2e-06
397 1e-06
