 DIM = 7
1 1.16771e+09
9 1.1641e+09
10 1.14677e+09
13 1.14376e+09
14 1.12379e+09
16 1.12319e+09
17 1.09719e+09
19 1.09169e+09
20 1.0556e+09
23 1.03956e+09
24 9.87164e+08
27 9.77248e+08
28 9.14235e+08
30 9.13085e+08
31 8.36358e+08
33 8.19025e+08
34 7.12834e+08
37 6.7136e+08
38 5.36898e+08
41 5.06677e+08
42 3.63643e+08
45 3.09189e+08
46 1.64356e+08
49 1.2739e+08
50 2.73331e+07
53 6.50171e+06
55 4.40052e+06
57 2.70489e+06
72 2.6757e+06
74 1.80087e+06
76 1.40793e+06
78 843442
82 596250
86 529814
90 355381
92 292060
94 192719
96 175720
98 141404
100 125775
102 98034.9
106 70296.8
108 60490.6
110 37991.7
112 36236.7
114 27804.6
116 26003.8
118 23687.7
120 20586.8
122 13561.9
124 12830.6
126 7267.04
130 5285.77
134 4450.38
138 2487.54
142 1465.04
146 1054.5
150 839.395
154 527.373
158 309.283
162 228.351
166 192.828
168 187.952
170 112.123
174 65.2878
178 48.8487
182 43.0109
186 29.0042
190 20.9924
192 20.4692
194 17.5805
196 17.1615
198 15.4631
202 12.8081
204 12.7956
206 10.747
210 10.0842
214 9.7883
218 9.1601
222 8.88823
224 8.86447
226 8.75126
228 8.72878
230 8.68201
232 8.67041
234 8.56995
236 8.54105
238 8.4723
242 8.44556
246 8.43173
250 8.41036
254 8.39432
258 8.38877
262 8.38643
266 8.38114
270 8.37836
274 8.37728
278 8.37674
282 8.37588
286 8.37519
290 8.37496
294 8.37488
298 8.37466
302 8.37455
306 8.3745
310 8.37448
314 8.37445
316 8.37444
318 8.37442
322 8.37441
326 8.37441
330 8.3744
332 8.3744
334 8.37439
338 8.37439
340 8.37439
346 8.37439
350 8.37439
356 8.37439
365 8.37439
