 DIM = 3
1 21.8829
2 21.4232
3 21.392
5 20.5041
6 19.4546
8 18.927
9 17.7061
10 16.5434
11 14.2063
13 11.6779
14 8.01683
15 6.94438
16 2.45055
17 2.22076
18 1.43926
19 1.22768
25 1.21124
29 1.18537
32 1.11536
33 1.05888
36 0.933389
37 0.833768
39 0.799978
40 0.727881
41 0.525768
42 0.350835
48 0.314084
49 0.215542
59 0.204536
61 0.191423
65 0.187892
66 0.174707
74 0.172243
75 0.170238
85 0.170138
88 0.169043
89 0.168378
90 0.167266
94 0.16633
95 0.166045
96 0.16427
97 0.162043
98 0.161925
99 0.159165
100 0.157217
101 0.154662
103 0.149684
104 0.146951
105 0.143449
106 0.140812
107 0.138677
113 0.136437
114 0.134942
116 0.133368
119 0.1307
121 0.128487
128 0.126837
129 0.125401
141 0.124497
156 0.12449
160 0.124463
164 0.124457
166 0.12445
167 0.12442
168 0.124387
174 0.124378
179 0.124365
186 0.124361
190 0.124353
191 0.124352
196 0.124348
200 0.124344
209 0.124343
210 0.124339
