 DIM = 3
1 50
2 49.9978
3 49.996
20 49.9958
21 49.9936
22 49.993
23 49.9916
24 49.9871
25 49.9818
26 49.9794
27 49.9711
29 49.9593
30 49.9443
31 49.9432
32 49.9239
33 49.9225
34 49.9003
35 49.871
36 49.8208
37 49.8154
38 49.7509
39 49.7293
40 49.6342
41 49.5698
42 49.4035
43 49.3708
44 49.144
45 49.0343
46 48.6708
47 48.507
48 47.9336
49 47.7519
50 46.9053
51 46.5414
52 45.3247
53 44.8805
54 43.1846
55 42.5323
56 40.2829
57 39.4647
58 36.8753
59 36.0325
60 33.6713
61 33.0384
62 31.7705
63 31.6526
73 31.6241
77 31.619
79 31.589
80 31.5867
84 31.5554
85 31.5292
89 31.5214
90 31.4918
92 31.4349
93 31.3736
94 31.3648
95 31.2828
96 31.2578
97 31.1684
98 31.0345
99 30.83
100 30.8002
101 30.5721
102 30.3806
103 29.9832
104 29.625
105 28.8385
107 27.8619
108 26.4178
109 25.988
110 23.6458
113 21.0745
114 16.8605
117 10.724
118 3.42664
125 3.31785
127 2.07778
131 1.14261
138 1.13286
141 1.01315
143 0.880091
147 0.880082
149 0.746523
152 0.711854
154 0.628399
159 0.590773
161 0.560982
164 0.536139
167 0.504581
171 0.498812
176 0.494342
178 0.480768
184 0.478473
186 0.476188
190 0.475081
192 0.473525
197 0.473074
199 0.472547
204 0.471731
212 0.471588
216 0.471448
219 0.47141
226 0.471409
229 0.47136
234 0.471358
238 0.471345
241 0.471344
245 0.471337
248 0.471333
257 0.471332
259 0.471331
