 DIM = 3
1 1306.23
2 1305.5
3 1305.44
5 1169.7
6 1041.26
8 1013.33
9 881.303
10 758.707
11 541.484
13 345.677
14 141.497
15 89.6226
16 15.8973
17 14.8022
26 14.2401
28 13.9354
30 13.829
32 13.5322
34 13.5026
36 13.4001
40 13.3614
42 13.3602
44 13.34
48 13.3357
52 13.3325
54 13.3313
58 13.3278
59 13.3274
63 13.3235
64 13.3209
68 13.3173
69 13.3126
70 13.3103
71 13.3034
73 13.295
74 13.2825
76 13.271
77 13.2516
78 13.2484
79 13.2271
80 13.2117
81 13.1732
82 13.1431
83 13.0705
84 13.0637
85 12.9774
86 12.9009
87 12.7236
88 12.6592
89 12.3801
90 12.2644
91 11.7622
92 11.3869
93 10.1066
94 9.78521
95 7.46426
108 7.44628
110 7.25681
112 6.74608
114 6.36095
115 6.09561
116 5.95809
120 5.3599
121 4.73043
124 4.61033
125 3.99279
126 3.49197
127 2.51527
128 2.3529
129 1.69646
130 0.938389
132 0.575093
135 0.033001
147 0.032412
149 0.029936
153 0.010571
161 0.009858
165 0.009396
167 0.009159
173 0.009052
175 0.009018
181 0.009011
186 0.009002
191 0.009001
195 0.009
