 DIM = 7
1 5.00936e+08
9 4.95938e+08
10 4.86017e+08
13 4.83825e+08
14 4.71728e+08
17 4.67208e+08
18 4.50784e+08
21 4.45895e+08
22 4.25869e+08
25 4.14853e+08
26 3.86486e+08
29 3.79466e+08
30 3.45365e+08
33 3.32018e+08
34 2.8928e+08
37 2.71216e+08
38 2.18456e+08
41 2.0234e+08
42 1.43854e+08
45 1.23678e+08
46 6.53472e+07
49 4.75253e+07
50 7.63317e+06
53 1.45044e+06
56 1.21848e+06
72 681850
74 536576
78 413728
80 358397
82 305362
84 287747
86 250528
88 136570
90 122717
92 107291
94 84679.2
96 70982.3
98 62867.7
100 56445.2
102 52077.7
104 26955.4
106 25297.6
108 21076.1
110 17689.7
112 13746
114 13253.2
116 10798.7
120 5141.74
124 3977.97
126 3861.83
128 2531.39
132 2086.23
136 1010.62
140 745.297
144 551.643
148 448.308
152 216.615
156 169.115
160 111.818
164 95.2112
168 51.6694
172 39.007
176 32.5042
178 32.1607
180 27.266
184 17.9101
188 16.7231
190 16.0241
192 14.2122
196 13.4757
200 11.6774
202 11.623
204 11.1431
208 10.7658
212 10.5665
216 10.2162
220 10.1296
224 10.0583
228 10.0281
232 9.95101
236 9.9328
240 9.91604
244 9.90813
248 9.89455
252 9.89047
256 9.88808
260 9.88682
262 9.88653
264 9.88333
268 9.88286
270 9.8827
272 9.88194
276 9.8818
280 9.88121
282 9.88117
284 9.88103
288 9.88092
290 9.88089
292 9.88082
296 9.88071
300 9.88068
304 9.88066
306 9.88066
308 9.88065
310 9.88065
312 9.88062
316 9.88062
318 9.88061
320 9.88061
324 9.88061
328 9.8806
332 9.8806
336 9.8806
344 9.8806
352 9.8806
