 DIM = 8
1 3.36798e+09
13 3.35515e+09
14 3.31494e+09
15 3.28331e+09
16 3.21344e+09
17 3.19733e+09
18 3.09551e+09
19 3.09474e+09
20 2.96248e+09
22 2.95448e+09
23 2.86965e+09
24 2.8491e+09
25 2.77933e+09
26 2.76942e+09
29 2.60498e+09
36 2.40029e+09
37 2.24047e+09
45 2.21222e+09
47 2.15939e+09
49 2.05915e+09
54 1.83701e+09
55 1.72221e+09
61 1.59155e+09
62 1.56968e+09
64 1.32499e+09
65 1.19365e+09
72 1.14941e+09
75 9.68737e+08
81 8.26074e+08
87 7.62297e+08
92 6.23425e+08
96 6.14268e+08
105 4.63757e+08
106 3.94137e+08
114 3.81068e+08
122 2.45004e+08
123 1.76307e+08
129 1.29801e+08
132 1.15088e+08
136 7.32634e+07
139 5.52734e+07
150 4.98181e+07
151 2.72319e+07
163 2.20296e+07
165 1.86136e+07
168 1.74992e+07
170 1.67206e+07
172 1.34147e+07
175 1.16905e+07
180 9.87352e+06
183 9.35933e+06
186 4.97597e+06
196 3.7628e+06
204 3.31813e+06
207 2.23271e+06
210 825058
238 632995
241 441778
247 358782
253 357548
255 338760
258 293706
259 260357
262 244571
264 241598
266 233181
268 213643
271 154452
279 118458
287 108859
294 85219.4
302 82740.1
309 79725.5
311 79069.6
314 78911.1
316 78320
317 52959.7
329 48249.9
332 43334.8
333 42731
335 37764.8
337 30959.4
342 19723.2
343 18954.4
344 18738.8
347 18397.5
351 16153
353 8845.27
362 6935.34
371 6445.29
372 4633.59
379 2806.75
383 2458.05
390 2274.96
395 1362.8
397 1166.3
400 948.305
401 813.32
409 591.772
412 557.444
414 515.385
416 512.932
417 421.289
419 355.707
422 341.334
424 318.806
426 213.944
434 157.169
436 142.52
439 102.318
442 78.4152
444 66.8342
457 59.4728
459 56.2792
461 46.1141
464 44.9615
465 42.7562
469 36.9041
471 36.7188
473 36.1344
475 28.3147
489 25.6478
491 22.8291
498 21.7863
504 21.0925
505 20.2922
508 20.0272
509 17.0701
511 16.7106
519 16.6082
523 13.4439
524 13.2293
527 11.6092
528 11.382
530 9.76248
531 9.1923
533 7.69021
536 6.09051
541 5.90079
546 4.10345
548 3.33667
557 2.40807
572 2.29724
575 1.93678
578 1.9256
579 1.00402
592 0.949132
597 0.8683
602 0.698232
613 0.642476
614 0.556453
616 0.535534
621 0.333483
636 0.282731
642 0.279379
645 0.272655
646 0.261244
648 0.209616
652 0.178216
660 0.150451
662 0.138226
668 0.101684
670 0.09262
677 0.085619
679 0.071875
683 0.066763
686 0.062421
690 0.055627
692 0.054832
694 0.03522
702 0.020077
712 0.013023
729 0.010391
737 0.005906
751 0.005071
754 0.003861
761 0.003203
764 0.002857
771 0.001717
787 0.001527
793 0.001111
795 0.000817
817 0.000589
824 0.000545
831 0.000338
832 0.000333
840 0.000274
847 0.000239
853 0.000235
857 0.000214
858 0.000163
876 0.000157
880 0.000136
889 0.000133
893 0.000112
906 0.000107
909 0.000101
912 9.8e-05
918 8.9e-05
921 8.7e-05
933 8.1e-05
941 7.4e-05
946 7.2e-05
949 7e-05
951 6.9e-05
954 6.5e-05
959 6.4e-05
962 6.1e-05
967 5.8e-05
969 5.6e-05
970 5.5e-05
974 5.2e-05
975 5e-05
977 4.8e-05
980 4.6e-05
984 3.8e-05
985 3.3e-05
991 3e-05
994 2.7e-05
997 2e-05
998 1.8e-05
1005 1.3e-05
1006 9e-06
1021 6e-06
1039 4e-06
1041 3e-06
1052 2e-06
1062 1e-06
