 DIM = 9
1 1124.05
21 1123.2
22 1119.05
26 1114.64
27 1106.43
32 1102.57
33 1092.89
37 1088.89
38 1075.83
42 1074.23
43 1060.39
46 1055.45
47 1035.62
51 1028.87
52 1004.7
55 1004.57
56 980.475
58 975.364
59 936.938
63 928.121
64 888.654
68 882.715
69 847.489
72 836.201
73 803.008
76 798.236
77 771.673
84 769.805
85 769.352
88 759.588
89 743.471
93 729.477
94 701.295
99 679.335
100 632.683
105 627.566
106 595.878
109 585.744
110 546.581
112 530.293
113 475.442
120 459.307
122 458.343
124 432.217
128 425.642
129 424.686
134 418.723
140 411.628
143 400.232
146 395.385
149 381.105
150 374.458
153 373.253
154 366.023
156 355.283
157 343.065
160 329.867
161 323.01
162 314.83
163 306.154
165 291.962
167 275.695
168 271.081
172 239.47
173 239.119
175 232.889
186 227.164
203 220.466
207 216.592
214 216.277
216 210.373
221 207.155
230 202.918
233 201.01
245 198.819
258 198.382
259 198.33
262 195.604
276 195.567
281 194.592
286 193.104
287 192.172
295 191.619
296 191.144
299 190.745
300 190.496
301 190.16
302 190.097
303 187.836
304 185.485
311 182.964
312 181.691
315 180.255
316 179.222
318 176.057
319 172.07
322 172.001
323 168.874
327 168.869
330 165.233
333 160.592
334 159.294
338 158.368
339 158.017
341 157.92
347 156.773
351 156.5
352 154.169
357 153.926
365 151.119
366 149.659
374 148.239
375 147.319
376 146.27
377 144.351
380 143.296
381 142.077
383 141.585
385 140.794
387 138.867
389 135.399
390 131.539
396 129.516
397 126.303
400 126.207
403 123.226
407 120.961
409 120.663
412 118.13
416 116.809
418 116.576
420 115.485
424 114.845
427 114.349
431 113.142
435 111.425
446 111.237
449 111.131
453 110.518
455 110.391
458 110.242
460 110.108
462 109.886
465 109.745
468 109.615
470 109.565
473 109.312
478 108.805
480 108.503
491 108.364
498 108.336
500 108.245
502 107.713
503 107.569
513 107.536
515 107.094
516 106.889
526 106.851
536 106.663
540 106.57
551 106.392
555 106.295
563 106.234
564 106.216
566 106.132
568 106.101
572 106.015
574 105.887
575 105.701
576 105.566
577 105.443
580 105.435
581 105.424
583 105.308
584 105.044
587 104.77
588 104.484
595 104.469
599 104.394
601 104.204
603 103.943
604 103.706
612 103.434
613 103.07
618 102.955
620 102.89
621 102.742
624 102.537
626 102.245
627 101.773
632 101.525
633 101.239
634 101.172
635 100.894
639 100.358
640 99.9501
642 99.4784
643 98.9819
647 98.7177
648 98.3603
652 97.6687
653 97.5232
654 97.3379
658 96.0997
665 95.576
666 94.5762
674 94.5614
676 93.7504
679 93.4496
682 92.6709
685 92.0443
686 91.4608
690 90.9368
695 89.1999
696 87.9048
707 86.4212
708 85.4415
710 85.2389
711 84.0347
713 83.5225
714 82.5118
719 80.08
720 78.239
731 76.6579
732 76.1308
733 75.1871
734 75.052
735 73.2805
736 72.2881
740 70.5612
741 70.4459
744 68.2618
751 66.5859
755 65.7729
761 63.6956
766 62.4043
767 62.0248
773 61.1058
778 58.4104
779 56.335
789 55.7014
792 54.3271
797 52.6063
805 52.3012
812 51.5597
816 50.8852
822 50.2362
835 49.6878
839 49.6479
841 49.2594
847 48.784
848 48.4492
857 48.1696
858 47.857
863 47.818
865 47.7437
869 47.5172
871 47.0098
882 46.4062
883 46.2065
890 45.6583
891 45.3058
893 45.1085
894 44.6767
900 44.2973
902 43.3466
903 42.5434
912 42.2947
915 42.1969
917 41.157
918 40.7266
924 40.6486
927 39.8725
930 39.223
931 39.0832
938 38.6479
939 38.6123
940 38.4553
943 38.3989
945 37.8294
949 37.8068
953 37.6034
955 37.5532
960 36.765
971 36.7236
976 36.3931
985 36.1263
1004 36.1163
1007 36.0383
1028 36.0245
1038 36.0178
1049 36.0012
