 DIM = 4
1 22.8852
2 22.3724
5 21.2752
6 19.8119
9 18.5861
10 16.8873
11 16.5875
12 14.6602
14 14.3975
15 13.548
16 13.0325
25 12.5347
26 12.0454
31 11.6776
32 11.0292
34 11.0122
36 10.2648
37 9.37857
38 9.05925
39 7.65875
41 7.27001
42 5.61704
43 4.60862
52 4.35109
54 3.90307
64 3.88895
72 3.84009
74 3.79993
79 3.76753
85 3.76571
87 3.75822
89 3.74316
93 3.72748
96 3.72171
97 3.71528
104 3.71006
105 3.70366
106 3.69864
107 3.68838
109 3.68182
110 3.66958
111 3.65869
112 3.63742
114 3.62153
115 3.59431
116 3.57577
117 3.52135
118 3.51813
119 3.44282
120 3.43921
121 3.35704
122 3.32334
123 3.19994
124 3.1295
125 2.90643
127 2.7401
128 2.44577
129 2.38074
130 1.93417
131 1.84075
132 1.16957
134 0.725141
136 0.649509
144 0.637973
146 0.592108
147 0.157128
148 0.120702
154 0.102762
155 0.101903
162 0.085555
164 0.080933
166 0.066413
170 0.039852
176 0.018862
178 0.018607
185 0.007445
195 0.00426
197 0.003413
203 0.001836
210 0.001346
214 0.001106
216 0.001013
218 0.00063
219 0.000409
226 0.0004
227 0.00034
230 0.000208
234 0.000169
238 0.000121
242 7.5e-05
246 6.4e-05
248 5e-05
252 3.5e-05
256 3.2e-05
258 2.1e-05
262 1.5e-05
266 1.3e-05
270 1e-05
274 8e-06
278 7e-06
280 6e-06
284 5e-06
288 4e-06
301 3e-06
