 DIM = 12
1 1808
14 1732.53
15 1645.1
27 1632.54
28 1556.26
33 1552.9
34 1475.56
38 1467.43
39 1379.64
44 1365.76
45 1282.54
48 1282.09
49 1188.31
54 1182.3
55 1109.24
59 1104.8
60 1074.9
63 1062.98
64 1049.96
80 1049.41
83 1038.99
90 1031.17
91 1027.43
96 1027.17
97 1025.07
98 1016.23
99 1003.44
108 992.037
109 982.582
111 975.713
112 958.782
123 957.696
127 952.362
129 943.609
130 936.57
137 935.225
144 932.794
147 921.507
148 915.959
151 912.682
152 903.464
164 897.535
165 890.068
170 886.522
171 883.677
173 878.234
174 877.333
175 867.209
176 854.444
182 844.375
183 825.829
191 820.217
192 806.749
196 797.459
197 778.443
202 775.326
203 767.982
205 764.584
207 741.969
208 716.593
220 709.525
222 707.716
227 694.924
233 685.392
234 680.924
242 674.672
246 654.83
247 634.626
258 626.166
259 613.711
264 607.555
265 604.182
267 587.301
268 569.37
273 558.764
274 529.064
283 511.654
285 500.794
286 493.519
288 476.723
289 446.852
295 436.379
296 408.953
307 394.956
318 393.857
328 387.546
330 383.974
335 374.242
336 370.78
347 365.036
353 354.086
354 349.265
355 347.202
356 338.852
365 336.919
368 324.924
369 317.234
381 305.242
383 292.893
384 277.899
395 270.21
396 262.337
400 257.391
401 252.454
407 246.905
410 244.265
412 239.19
415 236.371
420 227.097
431 220.832
434 215.093
435 212.204
440 209.089
445 199.573
446 199.394
448 195.576
452 194.513
454 188.455
456 182.062
460 174.998
461 169.308
467 167.187
470 162.022
473 158.089
477 150.674
480 146.149
486 138.91
489 132.323
490 126.148
494 122.174
495 111.735
504 109.35
505 107.115
506 105.91
510 105.658
512 102.152
516 100.149
519 95.4136
522 88.8237
523 88.1463
529 81.0847
534 80.5027
538 80.3452
541 75.0928
556 73.1815
561 72.1424
563 70.6009
566 68.455
568 67.7784
575 65.7378
577 63.8043
587 63.1747
589 60.488
590 59.5426
594 58.1776
595 56.4126
604 53.7506
606 53.1876
610 52.7551
613 49.9725
614 49.6007
621 47.7853
623 46.0487
630 45.6294
632 43.4527
639 39.77
640 38.1946
657 36.7676
660 34.498
675 33.319
691 32.774
694 32.7034
703 31.5798
709 31.4059
718 31.3812
723 31.3687
725 30.742
728 30.252
729 30.2017
730 29.9557
742 29.6822
744 29.4516
750 29.317
753 29.1314
762 29.0519
774 28.6673
791 28.4647
795 28.353
805 28.2694
817 28.2244
825 28.1018
842 28.0745
844 28.0682
848 28.0128
852 27.9745
861 27.9627
864 27.9587
870 27.9016
883 27.8957
886 27.8902
893 27.8753
895 27.8711
897 27.8463
899 27.8396
910 27.8343
913 27.8339
919 27.8268
928 27.7926
929 27.7752
942 27.7621
943 27.7506
948 27.7232
949 27.7043
955 27.6987
956 27.6974
957 27.6684
958 27.6353
964 27.6264
965 27.5922
974 27.5503
975 27.5004
981 27.49
982 27.4434
987 27.4218
988 27.3697
992 27.3374
993 27.278
997 27.2486
998 27.195
1001 27.1791
1002 27.1735
1003 27.1443
1004 27.1291
1005 27.079
1006 27.0133
1009 26.983
1010 26.9661
1011 26.953
1015 26.859
1016 26.858
1019 26.7778
1027 26.7312
1029 26.7211
1037 26.6904
1040 26.6599
1046 26.6478
1048 26.5669
1049 26.5187
1066 26.4658
1070 26.4508
1084 26.4366
1094 26.423
1127 26.4229
1129 26.4207
1136 26.4201
1146 26.4193
1147 26.4192
1151 26.4182
1154 26.4178
1159 26.4177
1161 26.4177
1164 26.4172
1173 26.4168
1179 26.4165
1188 26.4164
1189 26.416
1199 26.4157
1205 26.4153
1206 26.4152
1211 26.4147
1212 26.4141
1224 26.4138
1225 26.4137
1226 26.4134
1227 26.413
1231 26.4127
1232 26.4122
1235 26.4119
1236 26.4113
1239 26.411
1240 26.4104
1244 26.4103
1246 26.4099
1248 26.4096
1250 26.4093
1254 26.4091
1256 26.4087
1258 26.4079
1259 26.4075
1263 26.4073
1267 26.4071
1270 26.4058
1271 26.4048
1282 26.4043
1285 26.4043
1287 26.4039
1289 26.4032
1296 26.4028
1298 26.4023
1299 26.4019
1303 26.4018
1306 26.4014
1308 26.4012
1311 26.4009
1313 26.3997
1314 26.3989
1322 26.3982
1323 26.398
1324 26.3968
1325 26.3951
1335 26.3938
1337 26.3926
1338 26.3917
1339 26.3914
1340 26.39
1344 26.3891
1345 26.3873
1348 26.3852
1349 26.381
1358 26.3786
1359 26.3778
1360 26.3764
1361 26.3745
1363 26.3731
1364 26.3704
1368 26.3685
1369 26.3655
1371 26.3642
1372 26.36
1377 26.3572
1378 26.3535
1381 26.3504
1382 26.3459
1394 26.3448
1397 26.3403
1402 26.3402
1413 26.3354
1415 26.334
1429 26.3323
1431 26.3291
1438 26.327
1444 26.3263
1467 26.3246
1469 26.3246
1473 26.3224
1474 26.3214
1475 26.3211
1476 26.3194
1482 26.3193
1486 26.3187
1488 26.3184
1491 26.3172
1493 26.316
1495 26.3151
1499 26.3149
1502 26.3125
1507 26.3109
1511 26.3105
1514 26.3101
1516 26.3091
1520 26.3086
1522 26.3073
1528 26.3064
1535 26.3049
1536 26.3048
1537 26.3034
1538 26.3021
1543 26.3015
1547 26.2997
1552 26.2977
1554 26.2958
1555 26.295
1561 26.2938
1563 26.2937
1565 26.2931
1568 26.2914
1574 26.2907
1576 26.2906
1579 26.2882
1581 26.2877
1588 26.2873
1593 26.2869
1598 26.2859
1605 26.2847
1607 26.284
1609 26.2835
1616 26.2828
1618 26.2822
1627 26.2816
1629 26.281
1633 26.2801
1642 26.2796
1654 26.2793
1658 26.2787
1666 26.2786
1668 26.2777
1669 26.2775
1674 26.2772
1682 26.2771
1686 26.2764
1703 26.276
1724 26.2759
1727 26.2758
1731 26.2756
1733 26.2755
1737 26.2754
1747 26.2754
1749 26.2753
1751 26.2752
1758 26.2751
1766 26.2749
1775 26.2748
1783 26.2748
1787 26.2747
1793 26.2747
1797 26.2745
1801 26.2745
1818 26.2744
1819 26.2744
1825 26.2743
1830 26.2742
1831 26.2742
1835 26.2742
1840 26.2741
1844 26.274
1850 26.274
1856 26.274
1860 26.2739
1866 26.2739
1870 26.2739
1879 26.2739
1885 26.2739
1888 26.2739
1896 26.2738
1901 26.2738
1913 26.2738
1919 26.2738
1922 26.2738
1924 26.2738
1929 26.2738
1940 26.2738
1942 26.2738
1948 26.2738
1950 26.2737
