 DIM = 2
1 6.6
2 6.1
3 4.636
4 2.994
5 2.494
10 2.40725
12 2.28736
15 2.08503
22 2.08087
23 2.07547
26 2.05376
27 2.04419
34 2.0358
35 2.03417
39 2.02777
40 2.02326
41 2.02079
42 2.01439
43 2.01179
45 2.00122
46 1.99157
48 1.98115
49 1.97129
51 1.94705
52 1.94663
55 1.92471
56 1.91447
59 1.91124
61 1.89036
64 1.87429
67 1.87041
68 1.85302
69 1.84497
72 1.83937
74 1.81867
75 1.80756
78 1.79219
79 1.77487
83 1.76479
84 1.75457
86 1.72376
90 1.70945
92 1.70019
94 1.69925
96 1.68388
98 1.6818
100 1.67481
102 1.65709
105 1.62514
111 1.61745
120 1.61266
121 1.60873
122 1.60741
123 1.6025
124 1.59799
125 1.59462
126 1.58688
127 1.58065
130 1.57969
132 1.56861
133 1.55836
135 1.55291
139 1.53489
140 1.52668
142 1.5071
143 1.50602
148 1.50593
150 1.49436
151 1.48424
153 1.48082
156 1.47873
157 1.46091
158 1.45548
160 1.44024
161 1.42905
163 1.40806
168 1.4036
169 1.4001
170 1.37879
173 1.35684
178 1.3422
179 1.32707
183 1.30949
184 1.2953
186 1.2674
187 1.26392
192 1.25813
194 1.24466
195 1.23347
198 1.22051
203 1.21404
204 1.20682
205 1.20108
207 1.1873
208 1.17494
212 1.17449
214 1.15856
217 1.14657
218 1.14196
221 1.13404
222 1.12974
223 1.11613
226 1.08822
227 1.07382
231 1.06559
232 1.06453
233 1.05085
236 1.00611
242 0.996292
243 0.993778
248 0.977307
249 0.97088
250 0.955216
251 0.946989
255 0.939547
256 0.932819
257 0.929864
259 0.909274
260 0.904233
262 0.88812
265 0.878538
266 0.856579
267 0.854928
270 0.841996
272 0.816201
273 0.799121
275 0.795499
277 0.792342
279 0.77847
281 0.774183
283 0.772821
285 0.744647
288 0.732631
292 0.726286
295 0.723568
297 0.718969
299 0.718384
301 0.710681
304 0.701421
309 0.69555
310 0.689859
314 0.682629
315 0.676047
317 0.663926
318 0.657633
321 0.653556
322 0.651446
323 0.642888
325 0.639878
328 0.632713
330 0.625147
334 0.62019
335 0.614837
339 0.607471
340 0.600363
342 0.58505
343 0.57579
345 0.563429
346 0.558252
347 0.539817
348 0.537218
350 0.508372
351 0.497275
356 0.476553
359 0.454182
360 0.45223
363 0.444934
365 0.414455
366 0.398054
369 0.38108
373 0.367718
375 0.36482
377 0.353492
379 0.33893
382 0.306821
388 0.300926
389 0.288358
394 0.287888
395 0.28372
396 0.27409
397 0.271079
400 0.263604
401 0.25781
404 0.257029
405 0.256595
406 0.241105
407 0.228733
409 0.213981
410 0.194789
413 0.163852
414 0.145385
417 0.11349
422 0.099102
423 0.0824
428 0.056958
432 0.055127
433 0.051758
434 0.027563
435 0.016687
441 0.015279
444 0.005532
450 0.00218
