 DIM = 3
1 1.69361e+09
3 4.8773e+08
5 4.51886e+07
17 4.33296e+07
19 3.8381e+07
21 3.83598e+07
23 3.76642e+07
25 3.69941e+07
27 3.57701e+07
31 3.42246e+07
37 3.39202e+07
39 3.31574e+07
40 3.23497e+07
42 3.16775e+07
43 3.05011e+07
44 2.9682e+07
45 2.76943e+07
47 2.51834e+07
48 2.25494e+07
49 2.14038e+07
50 1.80155e+07
52 1.21666e+07
53 7.02475e+06
55 6.03882e+06
57 779161
58 596906
59 79518.3
69 70688.8
73 52810.4
75 32491.9
77 31315.5
80 25128.7
82 21958.2
84 21379.7
86 20533.8
90 19727
92 19684.8
93 19458.1
96 19029.8
99 18961.8
103 18937.1
105 18928.3
107 18917.1
111 18909.8
113 18907.6
115 18905.9
117 18904.1
123 18903.5
125 18903.1
128 18902.4
131 18902.4
134 18901.8
135 18901.5
139 18901.3
140 18900.8
142 18899.8
143 18898.9
144 18898.6
145 18897.4
147 18894.7
148 18892
150 18890.2
151 18887.5
152 18883
153 18876.4
155 18870.8
156 18862.4
157 18859
158 18848.9
159 18841
160 18822.1
161 18820.3
162 18808.6
163 18795
164 18782.2
165 18766.6
170 18749.4
171 18735.8
172 18726.1
173 18711
174 18702.7
175 18692.9
176 18631.1
177 18568.3
179 18563.3
181 18421.8
182 18324.7
184 18256.2
185 18147.6
186 18118.3
190 17997.6
191 17952.2
202 17922.3
204 17894.3
205 17874.9
208 17860.4
209 17859.9
210 17853.1
212 17777.7
213 17730.3
217 17708.6
218 17662.2
220 17555.5
221 17473.2
223 17400
224 17303.8
225 17260.7
229 17135.9
230 17112.1
231 17016.9
232 16922.3
236 16720.3
240 16662.1
241 16639.9
242 16565.4
244 16431.8
245 16401.3
248 16238.5
249 16118.7
251 15989.6
257 15873
258 15792.4
260 15743.6
262 15549.5
265 15499.2
266 15423.9
269 15414.7
271 15269.5
273 15187.7
277 15186.2
279 15042.3
280 14972.7
281 14969.7
284 14860.2
288 14823.8
290 14701.8
297 14599.2
298 14529.5
301 14438.7
302 14401.2
304 14248.4
305 14155.7
309 13994.6
310 13888.6
314 13840.2
316 13655.1
322 13573.5
323 13540.7
324 13457
328 13408
329 13393.1
332 13289.1
333 13208.4
334 13192.3
336 13149.9
338 12994.3
339 12967.3
341 12883.6
345 12866.2
346 12696
357 12688.1
359 12647.6
360 12625.3
361 12614.6
362 12597
363 12538.1
364 12472.1
367 12387.9
370 12380.2
372 12245.3
373 12225.6
376 12155.2
377 12119
381 11973.5
382 11912
385 11832.9
386 11814.5
392 11701.5
393 11646.2
397 11612.3
398 11612.2
399 11570.2
401 11459.5
402 11384
407 11365.7
409 11239.3
413 11224.9
414 11185.5
415 11104.1
416 11060.6
417 11031.3
419 10851.3
420 10731.9
425 10599.5
430 10500.2
431 10485.5
436 10439.4
437 10406.9
440 10310.3
441 10252.4
444 10077.5
449 10049
450 10019.4
452 9867.16
454 9701.38
455 9554.72
463 9471.79
468 9393.14
469 9361.68
470 9317.89
475 9305.06
479 9251.3
484 9227.91
485 9194.53
489 9117.01
490 9058.67
493 8998.07
494 8950.89
495 8899.42
496 8838.97
501 8818.36
504 8807.75
506 8793.85
507 8741.86
508 8727.14
511 8683.32
512 8633.83
515 8615.87
516 8597
517 8523.33
518 8447.71
521 8303.62
522 8200.04
526 8114.33
527 7978.87
530 7970.04
534 7957.84
536 7852.93
539 7824.03
540 7810.03
542 7698.89
543 7673.27
544 7573.3
545 7459.1
555 7414.24
556 7359.99
559 7316.29
560 7243.97
561 7243.74
565 7186.42
566 7116.71
570 7112.57
572 7024.62
573 6965.69
578 6891.02
579 6827.42
582 6714.24
583 6667.75
587 6578.47
588 6553.33
595 6477.69
596 6409.12
