 DIM = 11
1 9.60594
4 8.89433
24 8.81373
25 8.47025
29 8.31047
30 8.09662
33 8.08086
34 7.7732
38 7.613
39 7.37782
41 7.36808
42 7.13567
44 6.98952
55 6.90091
60 6.70748
62 6.67085
75 6.40724
76 6.27675
81 6.25608
84 6.22687
95 6.16535
97 6.07197
113 6.04196
114 5.99087
118 5.97055
119 5.9365
124 5.89158
127 5.84193
129 5.84121
136 5.77876
137 5.66503
146 5.65495
148 5.54585
149 5.50338
151 5.43207
152 5.34652
159 5.32437
173 5.32059
179 5.31096
181 5.31051
183 5.29025
187 5.2853
191 5.26296
193 5.25451
204 5.24728
206 5.24172
211 5.20306
212 5.17701
224 5.1628
226 5.16206
228 5.14632
230 5.13076
233 5.10169
239 5.09802
245 5.06837
246 5.04075
268 5.02901
277 5.00932
278 4.99224
285 4.98454
289 4.94342
318 4.93284
331 4.90682
355 4.89885
365 4.89454
376 4.89024
377 4.88808
380 4.88522
381 4.88374
385 4.87715
386 4.87432
390 4.87198
392 4.86908
397 4.86652
399 4.86324
402 4.85988
403 4.85717
410 4.85074
416 4.84924
418 4.83508
441 4.8327
447 4.82919
452 4.82765
455 4.82333
461 4.82083
464 4.81915
465 4.81507
468 4.81301
471 4.81267
472 4.80965
474 4.80901
476 4.80682
480 4.79597
481 4.78954
488 4.78568
489 4.77956
495 4.77437
496 4.76864
504 4.76401
505 4.75495
507 4.75271
508 4.73937
514 4.72888
515 4.70979
517 4.7087
518 4.67384
523 4.67104
524 4.63243
527 4.62478
528 4.5904
540 4.5861
542 4.57841
543 4.56694
545 4.54839
546 4.5103
554 4.50035
555 4.46589
581 4.42219
582 4.41031
596 4.40322
605 4.39508
607 4.39466
618 4.38377
620 4.38357
624 4.37543
626 4.36454
634 4.36317
636 4.35279
637 4.34584
643 4.33995
644 4.33252
650 4.32915
651 4.32413
653 4.31867
654 4.30559
657 4.30285
658 4.28211
661 4.27424
662 4.24741
667 4.24636
671 4.2288
672 4.18971
689 4.16883
690 4.14884
704 4.132
705 4.13157
706 4.11998
707 4.0943
722 4.09008
726 4.07718
727 4.06611
737 4.06249
739 4.03483
740 4.00273
750 3.99405
751 3.98969
752 3.98825
753 3.98014
754 3.96736
755 3.95561
758 3.94751
768 3.94392
770 3.92925
775 3.91202
788 3.90083
810 3.90026
812 3.89804
813 3.89362
817 3.88502
832 3.88327
834 3.8808
838 3.8791
844 3.87797
853 3.87297
857 3.87279
867 3.86849
868 3.86827
871 3.86795
875 3.86516
876 3.86283
884 3.86208
885 3.86084
887 3.85995
892 3.85966
895 3.85686
896 3.85293
902 3.85181
912 3.84975
920 3.84783
925 3.84642
943 3.84605
948 3.84563
957 3.84421
958 3.84269
964 3.84234
965 3.84099
981 3.84011
982 3.83859
988 3.83813
990 3.83719
991 3.83628
996 3.83625
999 3.83592
1000 3.83549
1004 3.83501
1005 3.83411
1020 3.83254
1021 3.83215
1032 3.83061
1039 3.82965
1040 3.82917
1047 3.82871
1048 3.82832
1055 3.82825
1057 3.82607
1060 3.82583
1071 3.82553
1072 3.82403
1080 3.82402
1084 3.82345
1086 3.82255
1094 3.8214
1106 3.82108
1114 3.82042
1115 3.81961
1117 3.81926
1118 3.81774
1128 3.81713
1130 3.81642
1131 3.81553
1137 3.81552
1140 3.81402
1142 3.81385
1143 3.81284
1152 3.812
1186 3.81179
1199 3.81162
1202 3.81136
1204 3.81104
1228 3.81096
1236 3.81086
1245 3.81085
1250 3.81054
1264 3.8105
1275 3.81049
1278 3.81044
1280 3.81019
1281 3.81015
1300 3.80997
1301 3.80987
1304 3.80987
1305 3.80976
1309 3.80972
1314 3.80966
1315 3.80958
1316 3.80955
1317 3.80949
1318 3.8093
1319 3.80894
1323 3.80892
1324 3.8085
1328 3.80848
1329 3.80812
1333 3.80793
1335 3.80764
1336 3.80721
1342 3.8065
1368 3.80647
1376 3.80627
1382 3.80615
1384 3.80613
1401 3.80607
1408 3.806
1416 3.80599
1418 3.80597
1420 3.80574
1429 3.80567
1430 3.80561
1442 3.80559
1452 3.8054
1458 3.80537
1463 3.80527
1464 3.8052
1469 3.80511
1470 3.80497
1479 3.80496
1481 3.80485
1482 3.8046
1488 3.80457
1489 3.80439
1493 3.80424
1494 3.80395
1498 3.80382
1499 3.80346
1504 3.80344
1505 3.80303
1507 3.80287
1508 3.80215
1513 3.80204
1514 3.80115
1519 3.80082
1520 3.79967
1524 3.79962
1525 3.79825
1529 3.79802
1530 3.79627
1533 3.79617
1534 3.7937
1539 3.79335
1540 3.79047
1543 3.7904
1544 3.78791
1548 3.7875
1549 3.78502
1553 3.78359
1554 3.78259
1566 3.78256
1567 3.78012
1573 3.77991
1574 3.77743
1578 3.77694
1579 3.77415
1584 3.77259
1585 3.77146
1586 3.77063
1587 3.76557
1591 3.76427
1592 3.75811
1596 3.75735
1597 3.7498
1599 3.74846
1600 3.73726
1607 3.72985
1611 3.72628
1612 3.72554
1623 3.72443
1643 3.72341
1653 3.72336
1654 3.72205
1664 3.72184
1666 3.72166
1667 3.72059
1677 3.72017
1679 3.7196
1680 3.71779
1687 3.71699
1688 3.7145
1696 3.71305
1697 3.71014
1705 3.7082
1706 3.70394
1713 3.70385
1714 3.70147
1717 3.69955
1718 3.69319
1721 3.6926
1722 3.68385
1728 3.67978
1729 3.66796
1737 3.6594
1738 3.64743
1744 3.64739
1748 3.63578
1749 3.63566
1763 3.62902
1764 3.6271
1766 3.62311
1767 3.61663
