 DIM = 9
1 22.4125
8 22.2988
9 21.9046
14 21.8943
15 21.7506
16 21.6469
17 21.3524
21 21.289
22 20.8969
26 20.8668
27 20.439
29 20.4289
30 19.8285
33 19.7074
34 19.1812
36 19.1151
37 18.5173
41 18.0252
42 16.9439
50 16.7656
51 16.2743
54 15.9745
55 15.1745
58 14.9583
59 14.4723
60 14.4353
61 14.0339
62 13.2361
63 12.0688
73 12.0196
78 11.9995
80 11.2139
87 10.7814
88 10.7252
89 10.5084
92 9.95805
93 9.65422
95 9.18076
98 8.83891
101 7.86569
102 7.63485
104 6.92673
109 6.02936
110 5.15801
117 4.96405
120 4.75117
130 4.68727
138 4.41936
141 4.27606
157 4.26579
166 4.11501
179 4.01313
185 3.9441
198 3.91424
199 3.9127
203 3.8631
204 3.81589
209 3.79361
210 3.774
214 3.75157
215 3.68953
218 3.68552
219 3.58619
224 3.55838
225 3.4681
236 3.44364
237 3.32912
246 3.24716
247 3.15398
251 3.13746
252 3.0514
257 3.03251
259 2.98761
262 2.96003
264 2.93135
271 2.89068
279 2.87501
281 2.87343
286 2.8722
288 2.86744
299 2.86638
307 2.86121
311 2.85354
327 2.84941
329 2.84335
355 2.84259
356 2.83858
357 2.83848
366 2.83692
369 2.83584
371 2.83126
372 2.82829
384 2.82666
387 2.82587
391 2.82515
393 2.81957
411 2.81537
412 2.8136
425 2.81302
427 2.81256
428 2.80929
432 2.80853
433 2.80688
435 2.80481
436 2.799
441 2.79865
442 2.79371
445 2.79176
446 2.78302
449 2.78298
450 2.77609
452 2.77435
453 2.76397
455 2.76312
456 2.74713
459 2.74566
460 2.72775
463 2.71626
464 2.68714
467 2.68484
468 2.64836
471 2.64616
472 2.60004
475 2.5898
476 2.52142
480 2.50837
481 2.42629
484 2.41338
485 2.34651
488 2.33572
490 2.29017
491 2.27184
515 2.2698
516 2.24705
519 2.24385
520 2.24115
521 2.23048
522 2.22095
524 2.20294
525 2.17265
528 2.16372
529 2.129
530 2.12292
531 2.07064
537 2.00165
538 1.89442
545 1.87561
546 1.77314
550 1.76694
551 1.65513
555 1.57298
556 1.5145
561 1.50892
567 1.50443
578 1.47402
593 1.45075
624 1.44929
626 1.44321
631 1.43601
632 1.43339
635 1.4318
636 1.4273
639 1.41996
640 1.41664
644 1.40444
645 1.39619
646 1.39332
647 1.37466
652 1.36422
653 1.33462
656 1.33186
660 1.31603
661 1.28904
663 1.28575
664 1.25076
667 1.24446
668 1.2009
671 1.17603
672 1.11275
676 1.09598
677 1.07023
678 1.04982
679 1.0002
680 0.992473
681 0.915346
685 0.913217
686 0.903007
687 0.863666
688 0.841184
689 0.766163
690 0.731341
693 0.722044
701 0.626001
702 0.581141
716 0.579611
726 0.565749
735 0.556822
753 0.555277
759 0.555031
766 0.552752
770 0.552483
780 0.551241
790 0.550215
799 0.549979
810 0.549719
825 0.549558
842 0.54934
856 0.549264
859 0.549138
860 0.549012
891 0.54901
894 0.548969
898 0.548936
902 0.548913
926 0.548872
936 0.548868
947 0.548857
959 0.548854
972 0.548847
973 0.548846
992 0.548845
1003 0.548844
1013 0.548842
1019 0.548841
1027 0.54884
1028 0.548838
1040 0.548837
1042 0.548836
1059 0.548834
