 DIM = 6
1 15.8545
2 15.8478
8 14.9852
9 14.3068
14 14.3046
15 14.0631
16 13.8891
17 13.7618
18 13.5079
19 13.2998
27 13.1023
28 12.8196
31 12.6004
32 12.1573
35 11.8076
36 11.0894
39 10.7923
40 9.91573
43 9.42175
44 8.50638
46 8.25416
47 7.2834
48 7.14366
58 6.63306
73 6.33628
74 6.07723
79 5.90812
80 5.53581
84 5.4965
86 4.97158
87 4.56397
89 4.49233
90 4.09437
93 3.75269
94 3.42147
97 3.19815
98 2.65378
104 2.55576
108 2.48443
109 2.39838
113 2.26421
114 2.22637
115 2.03341
116 1.93218
135 1.92476
141 1.90976
143 1.90244
153 1.90231
158 1.89606
159 1.89463
165 1.89057
166 1.88631
168 1.88272
170 1.87763
171 1.87717
172 1.86753
173 1.85894
177 1.84915
180 1.82742
181 1.80723
185 1.80404
186 1.78685
188 1.78263
189 1.75222
192 1.74951
193 1.74151
195 1.70452
196 1.70137
197 1.65913
198 1.61117
202 1.59207
204 1.49426
208 1.48857
210 1.40941
218 1.36199
220 1.3199
222 1.29939
226 1.28004
230 1.2354
231 1.20298
232 1.17768
233 1.09243
236 1.02066
237 0.978771
239 0.856119
250 0.771864
252 0.696781
258 0.654347
259 0.653694
272 0.620898
281 0.603189
287 0.587818
292 0.575402
300 0.559696
317 0.558803
319 0.557156
322 0.55645
326 0.556075
328 0.556035
330 0.553974
343 0.553936
346 0.553581
349 0.553321
364 0.553099
372 0.552915
397 0.552833
409 0.55283
410 0.552815
420 0.552788
421 0.552786
422 0.552781
433 0.55278
435 0.552779
440 0.552771
442 0.552767
446 0.552753
454 0.552747
468 0.552742
471 0.552741
472 0.552739
473 0.552738
475 0.552732
485 0.55273
487 0.552728
488 0.552725
494 0.552722
495 0.55272
496 0.552717
500 0.552709
501 0.552699
506 0.552696
507 0.552685
510 0.552679
511 0.55266
514 0.552654
515 0.552631
517 0.552626
518 0.552596
520 0.552592
521 0.552555
523 0.552532
524 0.552468
526 0.552464
527 0.552382
529 0.55237
530 0.552258
532 0.552226
534 0.552183
555 0.552182
572 0.552177
574 0.552174
580 0.552173
584 0.552169
585 0.552162
591 0.55216
592 0.552152
598 0.552145
599 0.552135
603 0.552128
604 0.552115
606 0.552105
609 0.5521
639 0.552098
660 0.552097
