 DIM = 8
1 3.36573e+09
13 3.35729e+09
14 3.31635e+09
15 3.28455e+09
16 3.21583e+09
17 3.20052e+09
18 3.09452e+09
20 3.0237e+09
21 2.88003e+09
24 2.86142e+09
27 2.7374e+09
29 2.718e+09
32 2.66884e+09
35 2.57477e+09
36 2.48728e+09
40 2.46849e+09
42 2.33996e+09
43 2.23714e+09
45 2.23098e+09
47 2.22661e+09
49 2.05882e+09
50 1.94261e+09
53 1.8579e+09
54 1.73039e+09
55 1.71477e+09
56 1.60455e+09
58 1.60207e+09
59 1.51023e+09
61 1.46621e+09
63 1.11104e+09
64 8.02061e+08
73 6.40711e+08
76 3.563e+08
77 2.24892e+08
84 2.07833e+08
87 1.63023e+08
90 1.33177e+08
102 8.40887e+07
104 7.63841e+07
105 4.36599e+07
113 4.06457e+07
118 3.51663e+07
122 1.81439e+07
127 1.61284e+07
129 1.40261e+07
132 1.30196e+07
134 1.05055e+07
141 9.69617e+06
144 5.67195e+06
149 4.70469e+06
154 4.00227e+06
156 3.53259e+06
163 2.50683e+06
165 2.22648e+06
169 1.99571e+06
174 815904
191 773144
196 561018
202 520881
205 422736
208 273938
213 249945
218 167136
227 132558
233 24512.9
252 23647.4
254 19367.3
261 10840.6
263 10545.9
265 5787.19
276 5364
278 3368.55
279 3310.52
282 1911.26
284 1694.76
289 1326.36
294 1292.99
298 960.916
300 657.114
302 573.41
306 501.561
309 390.912
313 387.915
315 342.588
319 248.437
321 135.79
324 129.144
335 114.833
341 92.6281
343 91.1508
346 87.2939
352 56.5813
356 43.6383
362 13.4476
380 6.86947
388 5.71619
401 5.54271
405 3.36861
407 2.56824
410 1.94707
414 1.60764
418 1.47467
420 1.13277
423 0.927014
426 0.827808
428 0.508535
440 0.355885
444 0.293957
446 0.261525
448 0.205268
452 0.085794
472 0.082122
474 0.080718
476 0.071077
479 0.065272
480 0.05684
482 0.052664
487 0.032854
496 0.015459
515 0.014546
516 0.010202
530 0.009727
532 0.009604
535 0.008407
540 0.005983
559 0.005539
562 0.004069
563 0.003389
570 0.003022
576 0.001776
587 0.00166
592 0.001587
594 0.001296
600 0.001089
603 0.000982
606 0.000949
611 0.000891
612 0.000743
616 0.00038
639 0.000345
641 0.000136
642 0.000109
660 7.6e-05
665 7.4e-05
667 5.9e-05
676 5.2e-05
679 3.2e-05
687 2.9e-05
690 2.2e-05
698 1.6e-05
713 1.2e-05
717 7e-06
732 6e-06
742 4e-06
747 3e-06
757 2e-06
761 1e-06
