 DIM = 9
1 0.028883
5 0.028163
9 0.027446
13 0.023572
20 0.020601
38 0.020359
40 0.018764
45 0.01828
49 0.016285
54 0.015787
61 0.015405
71 0.015049
73 0.014499
77 0.01345
85 0.013244
96 0.012788
110 0.012714
113 0.012649
115 0.012211
116 0.012149
123 0.012016
126 0.011583
127 0.011518
128 0.01132
129 0.011109
131 0.010887
132 0.010673
137 0.009659
138 0.008303
142 0.008075
143 0.006707
147 0.006696
149 0.00493
161 0.004797
163 0.004651
175 0.004579
179 0.004121
193 0.003746
194 0.00371
210 0.003514
211 0.003465
218 0.003342
236 0.003308
245 0.003269
247 0.003261
253 0.003259
259 0.003245
266 0.00324
267 0.003207
281 0.003193
283 0.003185
290 0.003167
291 0.003157
295 0.003145
296 0.003139
298 0.003134
299 0.003127
300 0.003118
301 0.003108
302 0.003105
303 0.003096
304 0.003095
306 0.003093
308 0.003079
310 0.003058
311 0.003054
312 0.003052
314 0.003017
315 0.003012
317 0.002999
319 0.002971
320 0.002951
324 0.002949
326 0.002898
327 0.002895
330 0.002861
335 0.002843
337 0.002805
341 0.00274
342 0.002727
349 0.002717
351 0.002688
361 0.002674
366 0.002641
371 0.00263
376 0.002613
378 0.00259
387 0.00257
395 0.00255
399 0.002527
400 0.002514
409 0.002495
413 0.002486
423 0.002473
427 0.002461
441 0.002456
443 0.002448
444 0.002444
450 0.002439
454 0.00243
455 0.002429
459 0.002426
465 0.002418
468 0.002415
470 0.002409
471 0.002405
477 0.002404
479 0.002402
481 0.002394
482 0.002391
484 0.002384
485 0.002378
488 0.002371
489 0.002365
492 0.002354
493 0.002342
495 0.002337
496 0.002333
497 0.002325
498 0.002324
500 0.002316
502 0.002292
503 0.002269
505 0.002254
506 0.002222
511 0.002213
513 0.002206
519 0.002154
520 0.002135
525 0.002126
526 0.002123
530 0.00211
532 0.002106
534 0.002082
536 0.002053
540 0.002025
541 0.002012
543 0.002
544 0.001997
550 0.001925
551 0.001866
557 0.001858
558 0.001847
560 0.001794
561 0.001733
565 0.001693
566 0.001665
567 0.001593
568 0.001473
572 0.00146
573 0.001389
575 0.001312
576 0.00118
578 0.001178
579 0.001086
581 0.000984
582 0.000937
583 0.000841
584 0.000773
593 0.000659
604 0.00048
605 0.000458
613 0.000386
614 0.000363
622 0.000276
626 0.000251
631 0.000248
640 0.000247
641 0.000194
645 0.000159
653 0.000144
669 0.000128
676 0.000127
679 0.000121
684 0.000119
689 0.000118
692 0.000111
703 0.00011
706 0.000105
723 0.000102
727 0.000101
735 9.9e-05
749 9.7e-05
764 9.6e-05
