72.000000
72.202500
72.202500
72.202500
72.202500
72.202500
72.202500
72.202500
72.202500
72.202500
72.159043
72.149353
72.137492
72.122971
72.105186
72.083394
72.056676
72.023898
71.983652
71.880266
71.964536
71.932960
71.899196
71.863887
71.740536
71.799305
71.758323
71.719610
71.558810
71.649458
71.597490
71.549894
71.353726
71.453464
71.391576
71.292829
71.006534
71.206821
71.128820
71.008535
70.956823
70.633967
70.793492
70.667849
70.592279
70.189132
70.382488
70.212065
70.131490
69.624210
69.868700
69.774096
69.542489
68.947650
69.271945
69.111270
68.792417
67.959138
68.524188
68.353069
67.960354
67.909087
67.173049
67.415589
67.161142
66.344012
66.791687
66.486581
66.005508
64.899348
65.752715
65.394127
65.369703
65.282593
64.993587
64.569820
64.110521
64.427825
64.360464
64.033496
64.125835
64.294636
64.463017
64.178762
63.659782
63.602377
63.726385
66.391478
64.037608
63.444314
63.052354
63.460432
63.186349
62.815281
62.163017
62.540819
62.517343
63.289825
62.404494
61.862961
61.142112
61.494921
61.096736
60.116886
61.814765
60.569279
60.702861
60.247121
59.618831
58.499785
59.994155
59.037410
59.225576
58.744657
57.971822
56.781989
58.245852
57.319600
57.598162
57.097808
56.706197
56.694367
57.308309
55.877193
55.230254
55.319703
56.004727
55.533396
55.201828
55.641215
55.522445
55.360219
55.025214
56.412793
56.923210
55.538857
55.327105
54.296914
54.122369
55.003221
53.811024
53.099077
53.881582
54.037647
54.981618
56.122908
54.338822
53.209239
52.919176
52.526785
52.659271
52.668060
52.651891
52.169944
52.519846
51.845158
51.994484
51.957547
51.427977
51.839309
51.800014
51.420386
52.075204
52.606971
51.378525
51.969427
52.123582
51.817732
50.476491
50.019127
50.511037
51.719833
52.158710
51.144643
51.076030
51.560955
49.810491
49.125634
51.861032
50.788283
51.402351
50.241255
49.191852
50.488340
50.278173
49.608687
48.855872
48.619686
48.605061
48.548431
47.937033
47.272999
48.716700
47.482976
46.801461
46.241402
45.708844
44.381791
45.283179
45.032820
45.063646
45.919344
46.733812
43.405947
43.226585
43.679425
43.242174
45.624047
42.169544
41.969798
42.141793
46.396581
43.439351
43.436340
41.742253
42.885237
42.153655
44.067131
42.466671
41.645535
42.994700
43.086534
42.372547
42.550704
42.062638
41.605574
43.796417
42.260705
41.516061
43.353563
41.596225
41.869929
41.873904
41.949100
42.332460
41.245697
40.660741
41.115806
41.862421
42.076628
41.098716
42.018287
41.100278
41.971253
41.098749
40.924054
42.110626
40.947868
41.088360
42.512466
40.858360
40.982784
40.695417
40.342467
40.333833
40.180737
40.202154
40.162431
40.427877
41.226459
40.510135
40.592023
39.953417
40.063590
40.359814
39.777682
39.928254
39.866633
39.942899
40.066121
39.372875
39.318287
39.550253
39.630141
39.016119
38.872292
38.853872
38.902401
39.398961
38.810388
39.132733
38.959578
38.779643
39.587789
38.308660
38.464682
39.794260
38.892269
38.780375
38.796656
38.036263
38.020815
38.720394
38.385782
37.803545
37.623811
38.257245
37.854337
38.021909
38.232761
37.881406
37.594225
38.465647
37.856276
37.429310
38.014752
38.508195
37.650707
37.649842
37.925884
37.608359
37.928707
37.509935
38.038890
37.481989
37.829982
38.098441
37.465219
37.898501
37.476490
37.282188
37.447236
37.602755
37.719396
37.391053
37.649448
37.392127
37.614656
37.392484
37.407320
37.361160
37.256412
37.414097
37.343826
37.415740
37.456399
37.291348
37.484337
37.283702
37.591938
37.271282
37.228887
37.347599
37.207267
37.334844
37.233634
37.438065
37.233676
37.280206
37.190854
37.291888
37.157799
37.218761
37.146278
37.222154
37.179081
37.244448
37.216850
37.271632
37.165289
37.085744
37.084705
37.195748
37.046619
37.043590
37.106380
37.156840
37.147412
37.033972
37.106587
37.112768
36.957627
36.925771
36.937297
36.959209
36.911234
36.990978
36.805343
36.757991
36.939588
36.881183
37.031039
36.710188
36.653923
36.584538
36.431085
36.862518
36.545275
36.702449
36.454340
36.700788
36.573127
36.543886
36.391190
36.547062
36.297047
36.298349
36.391336
36.431253
36.295158
36.487162
36.424910
36.172584
36.163029
36.338073
36.248537
36.333179
36.178157
36.468259
36.242117
36.251854
36.118002
36.266957
36.365716
36.190585
36.305640
36.179999
36.174573
36.242612
36.207598
36.115449
36.255307
36.275145
36.137089
36.182580
36.198893
36.123242
36.265554
36.114779
36.229612
36.116082
36.208298
36.117457
36.059925
36.073844
36.129311
36.152117
36.099075
36.118755
36.182053
36.088138
36.088044
36.132766
36.087021
36.092567
36.071812
36.102333
36.101670
36.076136
36.098155
36.123741
36.071430
36.075108
36.097078
36.070476
36.126686
36.066195
36.062430
36.052201
36.071042
36.048864
36.071154
36.067483
36.084246
36.056406
36.056835
36.056725
36.052728
36.061270
36.048945
36.052442
36.052965
36.046145
36.072908
36.069961
36.043827
36.045220
36.046659
36.054000
36.042504
36.042347
36.063998
36.042950
36.048536
36.053673
36.039348
36.035757
36.047721
36.054604
36.038142
36.048962
36.038054
36.059206
36.036926
36.041540
36.034319
36.042207
36.042048
36.036404
36.042902
36.035765
36.041488
36.037732
36.042450
36.035149
36.031852
36.036532
36.033865
36.030548
36.034856
36.039613
36.032663
36.032654
36.034961
36.033014
36.033390
36.030283
36.036288
36.035069
36.030956
36.033759
36.029548
36.034446
36.034322
36.030225
36.036578
36.029880
36.033097
36.030099
36.027826
36.029460
36.031166
36.030540
36.033624
36.028836
36.028349
36.031780
36.028624
36.030660
36.028730
36.030217
36.029602
36.028997
36.028043
36.027114
36.028404
36.030115
36.027945
36.031287
36.027817
36.028661
36.029012
36.027777
36.027486
36.028384
36.027108
36.028293
36.028143
36.027211
36.028089
36.027264
36.028317
36.027227
36.027245
36.027743
36.027581
36.026908
36.027960
36.027779
36.027032
36.027209
36.027187
36.026747
36.027387
36.027301
36.026814
36.027352
36.026801
36.027736
36.026760
36.027418
36.026794
36.027421
36.026787
36.026850
36.026777
36.026485
36.026687
36.027320
36.026617
36.027000
36.026632
36.026639
36.026620
36.026584
36.026876
36.026580
36.026887
36.026576
36.026545
36.026426
36.026567
36.026681
36.026508
36.026440
36.026483
36.026380
36.026480
36.026458
36.026324
36.026387
36.026381
36.026526
36.026394
36.026349
36.026237
36.026220
36.026320
36.026394
36.026257
36.026205
36.026293
36.026380
36.026134
36.026126
36.026211
36.026359
36.026081
36.026128
36.026289
36.026180
36.025930
36.025793
36.025990
36.026192
36.026050
36.026006
36.025964
36.025839
36.025925
36.025775
36.025882
36.025604
36.025454
36.025524
36.025641
36.025479
36.025435
36.025498
36.025330
36.025335
36.025296
36.025382
36.025334
36.025133
36.025106
36.025013
36.025031
36.024952
36.024930
36.024915
36.024992
36.024801
36.024799
36.024463
36.024099
36.024480
36.024519
36.024226
36.023698
36.023041
36.024389
36.023712
36.023677
36.023354
36.022931
36.022452
36.022702
36.022350
36.021802
36.022579
36.021452
36.020436
36.021378
36.020701
36.020316
36.019528
36.019667
36.018936
36.017451
36.018633
36.017413
36.015632
36.017658
36.016077
36.015400
36.013980
36.014565
36.014385
36.013752
36.013625
36.011477
36.009553
36.010841
36.009668
36.008696
36.007543
36.010237
36.010927
36.007795
36.009295
36.010231
36.005638
36.006130
36.007071
36.006237
36.004335
36.003430
36.007486
36.007883
36.007628
36.002979
36.003024
36.007216
36.003668
36.008395
36.005025
36.003148
36.005880
36.006944
36.005806
36.005654
36.003583
36.006532
36.003735
36.007630
36.003606
36.005583
36.003818
36.005113
36.003396
36.002957
36.005551
36.004440
36.002907
36.004071
36.002917
36.002339
36.002812
36.003507
36.002636
36.003576
36.002705
36.002260
36.003049
36.002411
36.003355
36.002437
36.002626
36.002975
36.002380
36.002464
36.002422
36.002027
36.002604
36.003186
36.002127
36.002140
36.002485
36.002102
36.001833
36.002074
36.002328
36.002164
36.001806
36.002216
36.001821
36.002322
36.001912
36.002388
36.001883
36.002248
36.001863
36.001883
36.001717
36.002097
36.001662
36.002034
36.002171
36.001739
36.001705
36.001813
36.001589
36.001786
36.001490
36.001567
36.001704
36.001907
36.001614
36.001765
36.001768
36.001599
36.001694
36.001614
36.001645
36.001750
36.001562
36.001628
36.001648
36.001502
36.001614
36.001813
36.001512
36.001562
36.001626
36.001515
36.001711
36.001507
36.001506
36.001516
36.001483
36.001655
36.001552
36.001388
36.001388
36.001523
36.001454
36.001530
36.001453
36.001440
36.001429
36.001438
36.001410
36.001447
36.001393
36.001478
36.001408
36.001374
36.001432
36.001383
36.001484
36.001386
36.001342
36.001368
36.001382
36.001381
36.001392
36.001321
36.001338
36.001398
36.001353
36.001396
36.001352
36.001327
36.001301
36.001301
36.001404
36.001337
36.001331
36.001368
36.001329
36.001387
36.001325
36.001298
36.001312
36.001306
36.001328
36.001286
36.001295
36.001367
36.001303
36.001313
36.001319
36.001292
36.001282
36.001303
36.001321
36.001296
36.001294
36.001289
36.001285
36.001276
36.001293
36.001261
36.001255
36.001270
36.001265
36.001284
36.001289
36.001270
36.001254
36.001263
36.001260
36.001280
36.001278
36.001249
36.001262
36.001279
36.001260
36.001265
36.001242
36.001250
36.001244
36.001231
36.001229
36.001261
36.001261
36.001245
36.001258
36.001227
36.001229
36.001237
36.001254
36.001234
36.001254
36.001237
36.001220
36.001226
36.001237
36.001217
36.001219
36.001216
36.001225
36.001221
36.001227
36.001212
36.001222
36.001211
36.001228
36.001225
36.001213
36.001222
36.001213
36.001221
36.001226
36.001211
36.001223
36.001211
36.001212
36.001203
36.001211
36.001207
36.001198
36.001200
36.001212
36.001212
36.001205
36.001217
36.001204
36.001215
36.001204
36.001211
36.001204
36.001198
36.001199
36.001203
36.001202
36.001199
36.001196
36.001199
36.001191
36.001188
36.001192
36.001200
36.001193
36.001196
36.001201
36.001194
36.001191
36.001188
36.001189
36.001186
36.001192
36.001187
36.001192
36.001183
36.001184
36.001188
36.001192
36.001187
36.001180
36.001179
36.001182
36.001181
36.001186
36.001182
36.001174
36.001169
36.001175
36.001178
36.001177
36.001167
36.001162
36.001164
36.001169
36.001164
36.001168
36.001159
36.001161
36.001153
36.001149
36.001158
36.001147
36.001142
36.001147
36.001147
36.001141
36.001143
36.001145
36.001137
36.001141
36.001122
36.001107
36.001139
36.001126
36.001121
36.001125
36.001121
36.001111
36.001111
36.001117
36.001105
36.001114
36.001091
36.001080
36.001093
36.001086
36.001082
36.001074
36.001069
36.001074
36.001074
36.001070
36.001059
36.001065
36.001048
36.001047
36.001048
36.001075
36.001063
36.001034
36.001024
36.001046
36.001054
36.001064
36.001040
36.001019
36.001017
36.001031
36.001007
36.001010
36.001022
36.001014
36.001010
36.000990
36.000992
36.001025
36.001007
36.001027
36.001006
36.001022
36.001000
36.001017
36.001001
36.001026
36.000999
36.001010
36.000983
36.000987
36.001015
36.000995
36.000984
36.000996
36.001002
36.000985
36.001006
36.000988
36.000988
36.000978
36.000990
36.000978
36.000997
36.000982
36.000972
36.000980
36.000975
36.000982
36.000967
36.000972
36.000974
36.000966
36.000973
36.000974
36.000981
36.000960
36.000962
36.000976
36.000970
36.000959
36.000963
36.000976
36.000966
36.000974
36.000965
36.000973
36.000958
36.000965
36.000975
36.000964
36.000949
36.000941
36.000965
36.000955
36.000948
36.000950
36.000960
36.000947
36.000941
36.000963
36.000950
36.000944
36.000934
36.000928
36.000928
36.000934
36.000933
36.000930
36.000922
36.000917
36.000913
36.000902
36.000916
36.000912
36.000898
36.000886
36.000899
36.000888
36.000895
36.000887
36.000879
36.000883
36.000878
36.000882
36.000863
36.000848
36.000852
36.000875
36.000852
36.000847
36.000845
36.000859
36.000826
36.000805
36.000822
36.000822
36.000836
36.000805
36.000796
36.000784
36.000809
36.000807
36.000779
36.000775
36.000753
36.000729
36.000734
36.000739
36.000743
36.000707
36.000677
36.000697
36.000679
36.000643
36.000606
36.000686
36.000610
36.000618
36.000607
36.000609
36.000542
36.000496
36.000551
36.000539
36.000482
36.000436
36.000450
36.000472
36.000487
36.000403
36.000367
36.000369
36.000338
36.000341
36.000322
36.000313
36.000403
36.000340
36.000254
36.000234
36.000242
36.000270
36.000309
36.000264
36.000332
36.000258
36.000361
36.000258
36.000422
36.000252
36.000260
36.000167
36.000152
36.000245
36.000220
36.000254
36.000229
36.000147
36.000144
36.000248
36.000253
36.000193
36.000180
36.000233
36.000193
36.000161
36.000146
36.000162
36.000135
36.000242
36.000156
36.000153
36.000133
36.000255
36.000061
36.000053
36.000119
36.000109
36.000103
36.000137
36.000128
36.000076
36.000166
36.000083
36.000138
36.000084
36.000166
36.000080
36.000068
36.000124
36.000075
36.000109
36.000069
36.000090
36.000099
36.000065
36.000107
36.000062
36.000056
36.000088
36.000060
36.000068
36.000068
36.000052
36.000083
36.000071
36.000053
36.000075
36.000052
36.000071
36.000053
36.000058
36.000057
36.000042
36.000054
36.000049
36.000068
36.000046
36.000052
36.000059
36.000045
36.000043
36.000035
36.000036
36.000052
36.000042
36.000054
36.000042
36.000047
36.000053
36.000042
36.000048
36.000041
36.000052
36.000040
36.000038
36.000036
36.000044
36.000038
36.000036
36.000037
36.000039
36.000040
36.000036
36.000041
36.000036
36.000033
36.000037
36.000037
36.000033
36.000034
36.000040
36.000034
36.000038
36.000034
36.000032
36.000034
36.000034
36.000037
36.000033
36.000029
36.000027
36.000032
36.000034
36.000032
36.000029
36.000031
36.000033
36.000031
36.000030
36.000032
36.000028
36.000032
36.000030
36.000028
36.000028
36.000025
36.000022
36.000025
36.000026
36.000024
36.000023
36.000021
36.000020
36.000022
36.000021
36.000018
36.000016
36.000018
36.000017
36.000017
36.000015
36.000014
36.000017
36.000013
36.000013
36.000014
36.000012
36.000013
36.000011
36.000012
36.000012
36.000011
36.000009
36.000009
36.000016
36.000012
36.000013
36.000009
36.000010
36.000016
36.000010
36.000010
36.000008
36.000009
36.000008
36.000009
36.000011
36.000009
36.000006
36.000005
36.000009
36.000009
36.000006
36.000009
36.000008
36.000008
36.000006
36.000007
36.000006
36.000005
36.000007
36.000005
36.000005
36.000002
36.000001
36.000006
36.000006
36.000004
36.000006
36.000004
36.000003
36.000002
36.000003
36.000003
36.000003
36.000002
36.000002
36.000003
36.000001
36.000003
36.000002
36.000002
36.000002
36.000003
36.000002
36.000002
36.000001
36.000002
36.000001
36.000002
36.000001
36.000002
36.000001
36.000001
36.000002
36.000001
36.000001
36.000001
36.000001
36.000001
36.000001
36.000001
36.000001
36.000001
36.000001
36.000001
36.000001
36.000001
