0.000835656 1 1
0.215355 1 0.993711
0.2539 1 0.987421
0.383542 1 0.981132
0.406128 1 0.974843
0.467355 1 0.968553
0.498719 1 0.962264
0.536824 1 0.955975
0.69533 1 0.949686
0.745912 1 0.943396
0.987934 1 0.937107
1.03197 1 0.930818
1.03553 0.993711 0.930818
1.14792 0.993711 0.924528
1.16422 0.993711 0.918239
1.17887 0.993711 0.91195
1.20439 0.987421 0.91195
1.25109 0.987421 0.90566
1.33446 0.987421 0.899371
1.34245 0.987421 0.893082
1.46009 0.987421 0.886792
1.57984 0.981132 0.886792
1.6287 0.981132 0.880503
1.65034 0.974843 0.880503
1.66903 0.974843 0.874214
1.70266 0.974843 0.867925
1.7651 0.974843 0.861635
1.77442 0.974843 0.855346
1.77915 0.974843 0.849057
1.83344 0.974843 0.842767
1.86901 0.968553 0.842767
1.89753 0.962264 0.842767
1.97513 0.962264 0.836478
1.97623 0.962264 0.830189
1.98323 0.962264 0.823899
1.99171 0.962264 0.81761
2.02476 0.962264 0.811321
2.02564 0.962264 0.805031
2.17567 0.962264 0.798742
2.25527 0.962264 0.792453
2.29613 0.962264 0.786164
2.3132 0.962264 0.779874
2.33319 0.962264 0.773585
2.34958 0.962264 0.767296
2.47494 0.955975 0.767296
2.53618 0.955975 0.761006
2.64886 0.955975 0.754717
2.65479 0.955975 0.748428
2.66904 0.955975 0.742138
2.69094 0.955975 0.735849
2.71146 0.955975 0.72956
2.86242 0.949686 0.72956
3.07083 0.949686 0.72327
3.08073 0.949686 0.716981
3.1223 0.949686 0.710692
3.12271 0.949686 0.704403
3.14171 0.949686 0.698113
3.15045 0.949686 0.691824
3.23554 0.943396 0.691824
3.24421 0.943396 0.685535
3.38613 0.943396 0.679245
3.43315 0.943396 0.672956
3.50718 0.943396 0.666667
3.5659 0.937107 0.666667
3.75432 0.937107 0.660377
3.81229 0.937107 0.654088
3.86 0.937107 0.647799
3.894 0.937107 0.641509
3.89546 0.937107 0.63522
3.98511 0.930818 0.63522
4.05164 0.930818 0.628931
4.12996 0.930818 0.622642
4.13032 0.930818 0.616352
4.19557 0.930818 0.610063
4.35117 0.930818 0.603774
4.47565 0.930818 0.597484
4.52854 0.930818 0.591195
4.6323 0.930818 0.584906
4.63457 0.930818 0.578616
4.84839 0.930818 0.572327
4.85289 0.924528 0.572327
5.01442 0.924528 0.566038
5.01838 0.918239 0.566038
5.01874 0.918239 0.559748
5.02588 0.91195 0.559748
5.1279 0.90566 0.559748
5.38234 0.899371 0.559748
5.4379 0.899371 0.553459
5.54251 0.893082 0.553459
5.55561 0.893082 0.54717
5.59327 0.886792 0.54717
5.61091 0.886792 0.540881
5.70589 0.886792 0.534591
5.79877 0.886792 0.528302
5.92881 0.886792 0.522013
6.00332 0.886792 0.515723
6.08458 0.880503 0.515723
6.25962 0.880503 0.509434
6.29529 0.880503 0.503145
6.3147 0.880503 0.496855
6.31816 0.880503 0.490566
6.45076 0.874214 0.490566
6.75146 0.867925 0.490566
6.84527 0.867925 0.484277
6.87029 0.867925 0.477987
6.95574 0.867925 0.471698
6.96549 0.867925 0.465409
7.23753 0.861635 0.465409
7.52623 0.855346 0.465409
7.5563 0.855346 0.459119
7.64589 0.855346 0.45283
7.95305 0.855346 0.446541
7.95342 0.855346 0.440252
8.03141 0.855346 0.433962
8.03152 0.855346 0.427673
8.80484 0.855346 0.421384
8.88053 0.855346 0.415094
8.95122 0.855346 0.408805
9.41055 0.855346 0.402516
10.4857 0.855346 0.396226
10.7783 0.855346 0.389937
11.672 0.855346 0.383648
12.0956 0.855346 0.377358
12.2083 0.855346 0.371069
14.2556 0.855346 0.358491
14.7505 0.855346 0.352201
14.9132 0.855346 0.345912
15.1095 0.855346 0.339623
15.4775 0.855346 0.333333
17.0252 0.855346 0.314465
