1 88.6792 48.4277
1.03226 88.6792 48.4277
1.06486 88.6792 48.4277
1.06818 88.6792 48.4277
1.07692 88.6792 48.4277
1.08081 88.6792 48.4277
1.09605 88.6792 48.4277
1.13372 88.6792 48.4277
1.13676 88.6792 48.4277
1.17021 88.6792 48.4277
1.18035 88.6792 48.4277
1.18095 88.6792 48.4277
1.18222 88.6792 48.4277
1.20276 88.6792 48.4277
1.21379 88.6792 48.4277
1.21515 88.6792 48.4277
1.21676 88.6792 48.4277
1.23961 88.6792 48.4277
1.25926 88.6792 48.4277
1.26496 88.6792 48.4277
1.2962 88.6792 48.4277
1.30556 88.6792 48.4277
1.33981 88.6792 48.4277
1.34286 88.6792 48.4277
1.35894 88.6792 48.4277
1.35955 88.6792 48.4277
1.4375 88.6792 48.4277
1.4386 88.6792 48.4277
1.44954 88.6792 48.4277
1.49315 88.6792 48.4277
1.5 88.6792 48.4277
1.54829 88.6792 48.4277
1.55319 88.6792 48.4277
1.56 88.6792 48.4277
1.57895 88.6792 48.4277
1.60432 88.6792 48.4277
1.62745 88.6792 48.4277
1.64384 88.6792 48.4277
1.64951 88.6792 48.4277
1.65957 88.6792 48.4277
1.68041 88.6792 48.4277
1.69767 88.6792 48.4277
1.7 88.6792 48.4277
1.71084 88.6792 48.4277
1.72727 88.6792 48.4277
1.7619 88.6792 48.4277
1.76389 88.6792 48.4277
1.76923 88.6792 48.4277
1.79167 88.6792 48.4277
1.8 88.6792 48.4277
1.81818 88.6792 48.4277
1.89391 88.6792 48.4277
1.89474 88.6792 48.4277
1.90244 88.6792 48.4277
1.90909 88.6792 48.4277
1.96476 88.6792 48.4277
2 92.4528 61.0063
2.07895 92.4528 61.0063
2.08876 92.4528 61.0063
2.12195 92.4528 61.0063
2.14737 92.4528 61.0063
2.22917 92.4528 61.0063
2.31694 92.4528 61.0063
2.32558 92.4528 61.0063
2.33333 92.4528 61.0063
2.35714 92.4528 61.0063
2.39394 92.4528 61.0063
2.42384 92.4528 61.0063
2.45833 92.4528 61.0063
2.55088 92.4528 61.0063
2.56098 92.4528 61.0063
2.56977 92.4528 61.0063
2.61257 92.4528 61.0063
2.73333 92.4528 61.0063
2.75 92.4528 61.0063
2.77679 92.4528 61.0063
2.82879 92.4528 61.0063
2.91667 92.4528 61.0063
2.96273 92.4528 61.0063
3 93.0818 66.0377
3.15 93.0818 66.0377
3.18634 93.0818 66.0377
3.38889 93.0818 66.0377
3.5 93.0818 66.0377
3.8062 93.0818 66.0377
3.81495 93.0818 66.0377
4.07692 93.0818 66.6667
5.0303 93.7107 67.2956
5.89372 93.7107 67.2956
6.0875 94.3396 69.1824
6.26316 94.3396 69.1824
6.32086 94.3396 69.1824
6.69512 94.3396 69.1824
7.37719 94.9686 69.1824
10 94.9686 70.4403
10.64 94.9686 70.4403
14.92 94.9686 71.0692
16.25 94.9686 71.6981
24 94.9686 72.327
