176365.000000
178570.000000
178255.000000
177940.000000
177625.000000
177310.000000
176995.000000
176680.000000
176050.000000
174790.000000
175375.000000
174957.142857
174509.897959
172952.346939
173579.854227
172919.098292
170881.147439
171577.283275
170524.364210
167604.046316
169294.091729
168093.934264
166347.915482
162126.873224
164285.780968
162437.126551
161200.716865
156012.433661
157648.648765
155908.435056
149215.606720
151714.784651
147664.883553
137695.302171
143385.869244
139791.307288
133719.970348
119516.518910
127303.300562
120736.906210
116183.732807
98418.206885
104169.367929
98794.390743
90675.547972
66117.668314
72320.800557
67003.516451
58217.513730
26957.817490
32992.557767
28003.477274
13152.479183
29668.476598
10832.973446
65458.563611
8493.788262
48901.082672
24747.162646
49822.694782
20837.604008
32077.630457
15810.083401
39606.710157
11100.930416
43091.589537
9445.465733
18382.712993
25678.959213
9208.463203
21424.550987
8430.896998
19694.239807
6934.002599
15007.317572
6112.529994
14381.026069
4730.441295
11999.567719
5124.838155
12441.815428
3973.645443
9978.430264
4411.739836
10430.054873
3762.827478
9978.551665
3828.534832
8461.358626
3085.162293
7213.086049
2781.125983
6283.128996
2272.846367
5573.089785
2154.558525
5445.176592
1947.510729
4631.967594
1822.242184
5060.083454
1606.380261
4065.338211
1805.786056
3753.209093
1375.569446
3300.706449
1260.667875
2762.841399
1013.924425
2569.844336
973.457810
2366.787358
868.936207
2171.873667
823.713221
2207.440081
802.479522
1892.971888
731.542224
1691.009725
608.924654
1479.396891
575.713107
1249.360013
448.103316
1144.182544
444.526935
1073.349738
383.364721
964.179102
377.433029
998.933544
352.126255
844.707766
338.297251
766.160362
265.153400
658.645999
268.200337
569.527432
193.715910
504.922909
208.502158
491.439283
164.746173
423.705765
178.613153
456.673994
150.036325
372.662816
162.230870
332.869831
120.262220
309.482662
121.721707
257.249884
94.801264
226.086882
89.147214
221.721668
81.705792
190.604430
76.375819
203.474996
74.150031
171.224885
70.249057
157.875941
52.415130
131.737773
60.893786
115.698012
46.692536
104.587944
41.634835
99.193397
41.270681
89.732120
35.914683
89.997555
38.129372
82.417559
33.239684
72.522075
32.899469
62.243962
25.228144
53.650488
27.344435
50.626164
20.323580
46.237410
25.259551
47.184007
23.136674
39.761432
19.130595
40.923862
16.809158
35.070280
22.004311
30.133111
19.415123
29.842963
18.265416
27.719648
15.396120
26.099689
17.575602
26.524598
16.885120
21.693591
14.711637
21.772266
16.050315
20.789681
14.552833
19.208509
15.704229
19.078090
15.356632
18.758651
15.040621
17.605520
14.458925
16.477156
14.817114
16.398615
14.649391
16.072558
14.327810
15.582113
14.564283
15.341370
14.444952
15.178071
14.360456
14.922254
14.285409
14.854724
14.325431
14.850170
14.287259
14.620546
14.271219
14.610006
14.239470
14.491737
14.266495
14.430759
14.241341
14.389194
14.226038
14.362348
14.235310
14.335510
14.225896
14.304428
14.222638
14.310636
14.219284
14.288944
14.224660
14.264374
14.215967
14.249749
14.216598
14.246101
14.213347
14.236797
14.213396
14.227531
14.209098
14.229671
14.207368
14.225918
14.212659
14.223726
14.210508
14.222307
14.208731
14.217907
14.205260
14.216444
14.207306
14.215961
14.204025
14.214969
14.206999
14.213248
14.205673
14.211096
14.202663
14.210053
14.204873
14.209737
14.201875
14.207389
14.204248
14.208108
14.203898
14.206880
14.203108
14.206483
14.201514
14.205364
14.202760
14.205065
14.202342
14.204990
14.201147
14.204385
14.202193
14.203593
14.201732
14.203511
14.201485
14.203126
14.200825
14.202726
14.201302
14.202884
14.201164
14.202210
14.200578
14.202066
14.200955
14.201925
14.200413
14.201608
14.200846
14.201529
14.200722
14.201511
14.200621
14.201317
14.200367
14.201118
14.200530
14.201090
14.200453
14.200956
14.200260
14.200857
14.200398
14.200802
14.200332
14.200676
14.200180
14.200636
14.200291
14.200590
14.200241
14.200483
14.200129
14.200494
14.200216
14.200445
14.200108
14.200370
14.200187
14.200354
14.200160
14.200324
14.200074
14.200261
14.200138
14.200257
14.200119
14.200243
14.200100
14.200208
14.200057
14.200191
14.200088
14.200179
14.200073
14.200149
14.200041
14.200147
14.200065
14.200133
14.200031
14.200111
14.200057
14.200106
14.200048
14.200094
14.200020
14.200079
14.200042
14.200077
14.200036
14.200073
14.200030
14.200065
14.200018
14.200058
14.200027
14.200054
14.200022
14.200047
14.200013
14.200044
14.200020
14.200039
14.200009
14.200033
14.200017
14.200032
14.200015
14.200028
14.200012
14.200028
14.200010
14.200021
14.200007
14.200022
14.200005
14.200020
14.200010
14.200018
14.200008
14.200016
14.200004
14.200013
14.200007
14.200011
14.200005
14.200014
14.200005
14.200010
14.200003
14.200010
14.200004
14.200009
14.200004
14.200008
14.200002
14.200006
14.200003
14.200008
14.200003
14.200006
14.200002
14.200004
14.200002
14.200008
14.200002
14.200003
14.200002
14.200004
14.200001
14.200005
14.200001
14.200003
14.200001
14.200001
14.200003
14.200001
14.200002
14.200001
14.200002
14.200001
14.200003
14.200000
14.200000
14.200000
14.200000
14.200002
14.200000
14.200001
14.200000
14.200002
14.200001
14.200000
14.200000
14.200000
14.200000
14.200000
14.200001
14.200001
