1167710042.073637
1197358297.179997
1193137907.105057
1188924968.079970
1184719480.104734
1180521443.179350
1176330857.303818
1172147722.478138
1164099417.856263
1146771933.780708
1154746280.377653
1149015239.695075
1143761861.495169
1123790892.227906
1131042895.172233
1123190962.941423
1097192927.535082
1106250583.151457
1091685839.430040
1055600890.668545
1077789541.187096
1062474941.408198
1039557466.212972
987163591.384960
1014112386.063074
991203325.496485
977248132.283235
914234507.404353
933734461.081847
913084685.325786
836357785.313075
863998683.806606
819024876.768845
712834016.710107
772940288.381588
733993117.220868
671359796.453141
536898071.409699
609490557.785676
547348306.541933
506677349.629048
363643406.680605
408112218.255870
367086247.333235
309188786.429224
164355719.463458
196640872.704931
168532696.095881
127389665.430938
27333120.879556
40871029.763022
29483170.695095
6501712.138233
33029029.982874
4400516.122708
161082306.437196
2704887.889946
89861730.527044
22970718.550072
93127283.206563
16297230.439330
38623810.505428
9381356.406332
58917432.215011
4632220.365665
69763647.528268
3360838.573821
12710127.039636
24777664.142254
3180473.551564
17219771.297344
2675696.945550
14569193.837466
1800865.958035
8448225.182657
1407929.478208
7753731.096940
843441.876716
5414842.289818
984365.826475
5809329.266059
596249.865247
3748730.789230
728927.014989
4096561.496894
529814.132559
3731793.717230
552939.255947
2692935.735508
355380.946024
1951836.076866
292059.945268
1488476.307082
192718.884675
1162921.089785
175720.051528
1117149.110061
141404.245598
803667.337962
125774.687985
958351.522986
98034.859881
623230.838333
121324.350317
531530.083762
70296.755192
407425.281821
60490.582962
288629.328298
37991.691642
246704.174065
36236.663126
212013.901530
27804.621270
176012.371185
26003.797055
184270.097906
23687.677637
133505.117659
20586.771415
108602.285697
13561.915221
81217.451279
12830.607651
59375.288124
7267.041938
48425.278171
7697.174138
43976.702190
5285.772103
34356.652073
5580.307865
38163.318695
4450.382329
26308.861910
4499.158289
22533.349926
2487.543406
15879.174481
2858.725968
12184.629254
1465.039003
9579.386685
1563.858229
8956.095345
1054.500740
6855.191440
1152.081443
7368.143483
839.395014
5648.103806
981.137696
4777.703635
527.372642
3011.877627
567.055716
2408.446452
309.283301
1988.998410
315.361123
1787.332819
228.351206
1410.357326
230.225782
1550.489721
192.828281
1090.225503
187.951967
918.042499
112.123231
667.408709
122.182082
508.790755
65.287825
392.434917
74.153344
377.288673
48.848678
282.947097
57.116322
304.912579
43.010896
241.921696
47.124102
199.225107
29.004187
134.931153
31.687749
110.530704
20.992403
84.415179
20.469243
85.746112
17.580486
60.785464
17.161480
72.939159
15.463092
50.884048
16.104942
44.949481
12.808056
35.677806
12.795562
28.532351
10.746960
24.174090
10.985378
23.319060
10.084171
19.607241
10.294655
21.216991
9.788305
17.136799
9.955136
16.040937
9.160103
13.634517
9.382783
12.297769
8.888231
11.688020
8.864468
11.269934
8.751261
10.748776
8.728777
10.787846
8.682008
10.309393
8.670411
9.922150
8.569952
9.426980
8.541054
9.182349
8.472298
9.026202
8.478836
8.974210
8.445562
8.838966
8.450601
8.873037
8.431729
8.754151
8.438909
8.697188
8.410357
8.579501
8.411616
8.538185
8.394323
8.504746
8.395240
8.495760
8.388771
8.467775
8.389690
8.478771
8.386433
8.447237
8.386958
8.436908
8.381144
8.418462
8.382441
8.407116
8.378364
8.400964
8.378628
8.398734
8.377276
8.393397
8.377467
8.394709
8.376736
8.389822
8.377014
8.387524
8.375882
8.382776
8.375888
8.381070
8.375193
8.379656
8.375236
8.379361
8.374962
8.378179
8.375009
8.378629
8.374879
8.377351
8.374904
8.376956
8.374655
8.376164
8.374727
8.375707
8.374549
8.375476
8.374557
8.375374
8.374504
8.375175
8.374507
8.375212
8.374485
8.375012
8.374495
8.374911
8.374452
8.374736
8.374445
8.374662
8.374418
8.374598
8.374422
8.374595
8.374408
8.374541
8.374412
8.374558
8.374407
8.374505
8.374409
8.374477
8.374400
8.374471
8.374398
8.374442
8.374393
8.374430
8.374393
8.374429
8.374391
8.374431
8.374390
8.374411
8.374392
8.374408
8.374392
8.374405
8.374389
8.374403
8.374389
8.374397
8.374388
8.374397
8.374388
8.374392
8.374388
8.374402
8.374387
8.374389
8.374391
8.374387
8.374390
8.374387
8.374392
8.374387
8.374388
8.374386
8.374391
8.374386
8.374390
8.374387
8.374387
8.374386
8.374387
8.374386
8.374386
8.374386
8.374386
8.374386
8.374386
8.374386
8.374386
8.374386
8.374386
8.374386
8.374386
8.374386
