1125.000000
1136.250000
1136.250000
1136.250000
1136.250000
1136.250000
1136.250000
1136.250000
1136.250000
1136.250000
1133.904321
1133.379706
1132.736854
1131.948672
1130.981643
1129.794200
1128.334634
1126.538403
1124.324609
1118.965643
1123.288350
1121.550740
1119.690474
1117.744401
1111.261385
1114.195798
1111.952631
1109.858711
1101.394140
1106.109687
1103.653351
1100.852320
1090.749694
1095.816465
1092.711363
1086.694041
1071.300522
1082.851788
1078.985462
1072.290723
1069.890854
1054.127632
1061.223187
1055.130369
1051.033052
1031.385946
1040.063444
1031.517215
1027.365188
1002.660412
1013.627042
1011.126142
1002.770969
993.965075
966.017205
981.960390
965.478258
928.735606
956.094488
950.435972
931.389454
934.907754
918.440263
888.104408
896.995321
888.874486
880.266594
852.940882
869.507146
860.869283
846.441482
822.912860
826.676237
834.133794
842.624242
845.088571
823.889295
831.774522
834.062153
840.372634
847.142226
830.805247
806.061701
790.445621
798.014786
821.683235
799.300283
807.218580
802.491806
813.921250
793.557176
788.034708
793.609254
768.533773
747.491519
761.342287
793.898722
772.619194
799.754949
781.925351
758.497130
750.351983
765.619542
737.303189
719.739253
724.874161
735.886782
724.676602
743.369056
713.050891
704.829812
710.253129
689.783010
668.718615
687.620392
677.888769
680.970388
692.651202
663.158139
656.190444
658.501456
650.369925
660.960787
625.791738
600.531662
667.731213
652.995950
646.768254
669.278911
636.422968
656.301558
655.484321
696.890195
639.865997
620.619751
672.879963
635.654962
637.444033
628.772101
609.160461
603.726148
591.421281
576.632332
596.663567
608.559359
586.265898
566.476991
554.046415
564.829528
544.035782
522.391475
529.709070
541.510545
515.868381
500.721499
489.314606
460.017409
497.617478
498.097267
440.822882
399.759820
446.584607
413.246938
484.696992
446.889679
410.546736
434.371699
389.579914
397.122197
365.586854
360.739091
366.404497
345.289785
352.755488
339.383918
355.293493
321.057050
335.033594
318.418452
351.267869
368.909409
299.422883
317.648640
340.478666
380.032486
332.318581
320.584701
298.870615
334.537673
284.453575
307.107685
306.888962
354.318851
304.675272
278.258028
299.346262
285.060093
321.023822
292.965344
280.270319
277.100885
317.491205
300.819494
256.255314
256.123067
295.281713
267.203233
286.879756
278.848529
236.328130
226.731711
304.887047
259.570123
277.073184
289.855935
259.622843
236.118600
261.577040
234.391040
246.310886
261.478300
252.813203
270.111827
241.115534
272.407936
240.864352
230.121066
218.885084
224.581387
205.845960
195.549312
223.261718
215.109169
201.017463
220.631218
211.559521
195.216439
206.294063
214.464756
189.038054
196.280958
222.870586
203.502368
181.743991
180.377267
188.586637
179.349074
193.386279
197.447867
169.638126
177.429426
172.452496
173.862753
191.329899
161.197146
166.774086
158.617187
169.407417
183.067027
157.460595
172.481823
190.605682
167.885306
183.024765
166.591066
174.709659
159.736886
180.157894
162.044918
172.605994
161.817695
161.053939
154.800222
164.545756
152.929937
161.641318
144.647358
140.945008
149.620626
147.384179
171.177404
150.604754
154.483664
145.000116
140.146578
142.743594
142.066841
147.051850
147.202766
133.458537
131.772606
140.318251
140.060752
138.044568
145.160615
138.625614
149.740323
136.823913
133.301423
132.407931
132.816556
132.207871
149.169888
132.371117
125.705489
126.133453
130.577817
127.189582
125.722106
132.205500
127.436166
125.917217
124.968729
132.424184
127.434666
127.328368
118.293427
117.777775
125.217088
123.435792
127.137173
124.118110
123.096971
124.029017
119.360648
117.217810
121.645519
115.697864
119.850619
121.208486
120.951542
126.212278
118.063291
118.846288
113.313781
117.451383
114.721450
113.306499
120.437319
112.808784
121.106819
109.308989
111.696137
117.992907
108.071187
109.942496
116.365451
112.328596
105.521357
106.826663
114.039395
106.583941
110.923766
115.050518
108.539092
107.579110
104.589883
109.593432
103.906054
109.695925
106.743112
107.317232
99.950244
99.768084
99.821729
96.026087
93.845946
107.880161
101.517989
98.024658
101.910389
95.434602
93.159805
95.843889
95.046553
92.257851
98.014342
91.314608
96.514721
83.878261
77.972768
91.479250
88.757343
85.535489
82.553950
82.047176
77.334392
75.704176
77.041781
71.447182
69.181297
71.092933
68.188268
74.138921
73.984574
63.539403
65.568536
60.087663
58.871024
56.723747
58.555176
53.150837
51.243950
60.078717
54.738009
56.647564
57.257517
48.687617
60.110480
58.729238
51.869648
50.970018
50.984269
59.289950
49.751831
44.634255
52.588868
52.822602
52.535822
56.197294
47.080774
54.407364
46.571891
55.157882
46.387728
47.760592
49.541368
49.974642
50.522588
45.544824
51.694779
45.266205
43.033478
48.071370
50.775059
44.690075
50.792861
44.388150
47.677957
44.324310
41.649421
43.198239
47.062337
43.583635
44.529723
42.849559
40.755648
41.604557
40.244547
40.835635
46.842068
41.920066
44.624764
42.103866
40.769380
40.579044
41.591873
40.239200
43.068593
40.893667
38.924174
39.657734
38.138945
38.158235
41.965705
39.772773
41.380420
39.692245
40.765343
39.256880
40.885821
39.417917
39.568433
40.244603
39.148794
38.921754
39.470642
37.964179
38.069595
38.619105
39.170110
39.009232
38.155144
39.046281
38.941346
38.690110
39.026128
38.272272
39.309581
38.237336
38.624130
37.909014
38.836778
38.201942
38.918459
38.010321
38.959751
37.983317
38.008789
37.726149
38.264827
37.989697
38.834071
37.748509
38.186245
37.799143
37.869086
37.596427
37.889359
38.366855
37.679973
38.004354
37.710176
37.575078
37.915161
37.510700
37.832187
38.174762
37.600641
37.696951
37.353686
37.370820
37.667216
37.609729
37.393019
37.749825
37.484985
37.559818
37.594720
37.414975
37.231286
37.199945
37.456234
37.575224
37.375548
37.464560
37.448118
37.156283
37.163927
37.157949
37.324529
37.446077
37.319218
37.489534
37.251278
37.105464
37.200734
37.169764
36.983663
36.967386
36.962281
37.053336
37.131494
37.009193
36.878248
36.964270
36.827915
36.873285
36.825498
36.943890
36.978352
36.869547
36.801721
37.076789
36.645064
36.697743
36.909827
36.765762
36.746549
36.582067
36.651263
36.918468
36.725531
36.597002
36.740559
36.603036
36.560732
36.743256
36.507812
36.644204
36.505597
36.684973
36.681882
36.807605
36.562891
36.389695
36.405383
36.631743
36.521009
36.618775
36.498460
36.519973
36.459868
36.346339
36.341827
36.305650
36.306649
36.417301
36.499220
36.335745
36.393945
36.312683
36.411104
36.174721
36.160055
36.287375
36.375286
36.278253
36.266108
36.139281
36.218369
36.295417
36.260137
36.216298
36.185454
36.234051
36.258476
36.345442
36.165049
36.327005
36.163747
36.185848
36.292262
36.154750
36.257565
36.156645
36.182872
36.226947
36.141129
36.282535
36.125538
36.203031
36.133825
36.212728
36.131991
36.146151
36.146048
36.120448
36.180755
36.129901
36.107200
36.156733
36.168690
36.112477
36.154869
36.113828
36.117519
36.168932
36.108411
36.102758
36.139938
36.106632
36.111929
36.131542
36.101865
36.113369
36.130470
36.098676
36.084986
36.090401
36.117159
36.096396
36.123472
36.095460
36.128315
36.094896
36.092964
36.099124
36.100920
36.110780
36.091369
36.085003
36.105495
36.090009
36.104935
36.089457
36.086545
36.088254
36.084584
36.095808
36.088237
36.092509
36.085467
36.075667
36.071134
36.081020
36.079231
36.083119
36.082415
36.086797
36.079949
36.080118
36.083353
36.079323
36.070901
36.069769
36.077316
36.076820
36.075687
36.069267
36.072754
36.070233
36.064576
36.064630
36.064272
36.067688
36.066026
36.068814
36.058868
36.060431
36.060267
36.064088
36.061892
36.059735
36.054305
36.056366
36.062095
36.054385
36.054906
36.054240
36.063383
36.050870
36.056558
36.056265
36.052243
36.048701
36.054583
36.051116
36.045683
36.050427
36.053217
36.046982
36.047681
36.041536
36.042577
36.047399
36.048956
36.043703
36.046331
36.042174
36.045189
36.038071
36.041166
36.038195
36.047466
36.041129
36.036289
36.040340
36.047480
36.039915
36.038733
36.037303
36.039117
36.044791
36.037274
36.036562
36.030819
36.028566
36.029315
36.037417
36.040997
36.034021
36.035232
36.029306
36.036078
36.031602
36.026548
36.025838
36.027612
36.024938
36.027525
36.027651
36.022900
36.026450
36.019304
36.018475
36.021239
36.019746
36.022801
36.015680
36.016239
36.021090
36.016205
36.015093
36.020725
36.017233
36.027722
36.016876
36.013204
36.017215
36.015352
36.014355
36.010720
36.013270
36.009844
36.012014
36.016710
36.009840
36.012912
36.016130
36.009833
36.014416
36.015196
36.011705
36.015574
36.011008
36.014306
36.007417
36.010006
36.011580
36.012109
36.008813
36.014896
36.008602
36.012887
36.008671
36.012507
36.008661
36.005930
36.006099
36.005592
36.006333
36.009126
36.006967
36.008854
36.008790
36.010172
36.006813
36.008117
36.008262
36.005164
36.006101
36.004381
36.004908
36.004090
36.005303
36.005820
36.007025
36.005015
36.007694
36.004962
36.005443
36.003728
36.005825
36.002748
36.002922
36.005312
36.003727
36.005744
36.003838
36.005530
36.003806
36.003356
36.005661
36.003551
36.002480
36.003317
36.002807
36.003711
36.002715
36.002894
36.002047
36.002598
36.003870
36.002667
36.002596
36.001866
36.002742
36.001899
36.002961
36.002143
36.002029
36.002255
36.001993
36.000948
36.000655
36.002228
36.001502
36.001850
36.002236
36.001508
36.001099
36.001700
36.001395
36.001346
36.001366
36.000859
36.001153
36.000917
36.000659
36.001297
36.000931
36.000364
36.000967
36.000840
36.000961
36.000786
36.000256
36.001015
36.001153
36.000401
36.000830
36.000519
36.000602
36.000627
36.000645
36.001095
36.000260
36.000628
36.000308
36.000720
36.000220
36.000663
36.000217
36.000647
36.000216
36.000969
36.000175
36.001056
36.000143
36.000138
36.000576
36.000169
36.000498
36.000095
36.000169
36.000348
36.000086
36.000065
36.000312
36.000119
36.000168
36.000192
36.000051
36.000139
36.000207
36.000044
36.000227
36.000042
36.000251
36.000031
36.000178
36.000038
36.000177
36.000038
36.000158
36.000033
36.000092
36.000029
36.000080
36.000025
36.000126
36.000016
36.000048
36.000018
36.000057
36.000016
36.000038
36.000015
36.000039
36.000015
36.000018
36.000043
36.000011
36.000062
36.000009
36.000027
36.000011
36.000017
36.000035
36.000006
36.000017
36.000008
36.000024
36.000007
36.000026
36.000007
36.000024
36.000007
36.000005
36.000016
36.000008
36.000012
36.000005
36.000006
36.000015
36.000004
36.000014
36.000004
36.000002
36.000006
36.000004
36.000005
36.000004
36.000007
36.000003
36.000004
36.000005
36.000002
36.000002
36.000008
36.000002
36.000005
36.000002
36.000005
36.000002
36.000005
36.000002
36.000004
36.000002
36.000000
36.000002
36.000002
36.000001
36.000001
36.000002
36.000001
36.000001
36.000002
36.000001
36.000002
36.000001
36.000003
36.000001
36.000001
36.000002
36.000001
36.000001
36.000001
36.000000
36.000001
36.000000
36.000000
36.000000
36.000000
36.000000
36.000001
36.000001
36.000001
