11654195.000000
11947816.475000
11905646.900000
11863551.875000
11821531.400000
11779585.475000
11737714.100000
11695917.275000
11612547.275000
11446701.875000
11523553.185714
11468633.155466
11409995.965669
11206962.272755
11288541.395274
11202648.033491
10939795.639942
11029231.483698
10894099.143623
10523662.425261
10737260.360046
10585356.494169
10366295.422599
9846171.895450
10110523.505823
9883945.999712
9733840.258273
9116481.122790
9308992.710676
9104312.982488
8338321.365632
8620414.128065
8165643.952967
7098648.546302
7698534.673584
7316774.134794
6694013.310606
5345289.578904
6065932.620785
5455222.345707
5050772.013874
3621642.825062
4058332.068080
3649447.120241
3072986.273730
1630764.584212
1952287.083677
1674910.634534
1263137.038350
268347.896401
403208.269487
289755.827059
62728.626441
335846.078406
45995.295048
1621041.564381
28605.741882
906847.774924
234390.447170
941187.423478
166762.355091
392146.392920
96674.573286
596205.095335
44393.185252
705073.635815
31903.062235
123780.361020
243282.401737
33482.509185
176182.832376
25266.001820
142312.676577
19294.868337
87241.584344
13002.535678
69373.356125
9031.693243
62051.245971
9173.905287
50264.957225
6597.692116
44778.321216
6576.809395
43098.533858
5623.670257
35078.418510
5246.862400
29211.892527
3782.548920
17458.558340
2761.392139
15936.367978
1628.525569
10650.850960
2074.332997
9918.989402
1303.870690
9245.133249
1359.485076
8432.909221
1114.283337
7354.254153
1087.897082
5639.925739
754.478096
3809.744302
581.411139
3154.765511
411.040781
2202.804696
349.783518
2367.810774
246.296739
1519.026560
306.907247
1664.393573
226.468339
1531.235698
229.974936
1110.912247
156.854364
813.199208
126.346262
607.239312
88.159166
488.123875
78.639258
457.117170
67.095675
336.547565
57.935666
401.163503
46.942543
258.928574
59.055804
224.277070
38.250758
177.836260
32.307342
123.408981
24.521722
111.029491
22.470158
92.558147
20.305116
102.047742
16.903510
62.042803
20.271063
61.448281
16.424280
54.109568
14.180941
40.645922
13.436375
33.572982
11.472332
27.102639
11.385314
27.406235
10.628655
24.008918
10.933563
22.108228
9.976238
18.760369
10.127152
17.919685
9.449839
14.662189
9.503539
13.697191
8.931375
11.965515
9.063813
12.293531
8.875723
11.438190
8.852830
11.091227
8.716270
10.526706
8.718095
10.141091
8.594780
9.808037
8.607738
9.458861
8.510193
9.095408
8.499551
9.190932
8.471980
8.979143
8.484031
8.930386
8.443027
8.811082
8.453531
8.757040
8.421996
8.647506
8.427858
8.587207
8.404806
8.535764
8.406022
8.554378
8.399123
8.491442
8.400949
8.494180
8.394351
8.463864
8.393643
8.455825
8.389283
8.434558
8.389295
8.423497
8.384954
8.410360
8.385772
8.412860
8.384213
8.405139
8.384318
8.402858
8.382923
8.397616
8.383174
8.395353
8.381923
8.391461
8.382282
8.388994
8.381321
8.386343
8.381293
8.387021
8.381018
8.385154
8.381156
8.385250
8.380798
8.383402
8.380886
8.383301
8.380674
8.382541
8.380624
8.381859
8.380485
8.381687
8.380491
8.381613
8.380452
8.381286
8.380436
8.381217
8.380398
8.380972
8.380391
8.380901
8.380356
8.380730
8.380355
8.380637
8.380320
8.380529
8.380327
8.380548
8.380314
8.380487
8.380315
8.380467
8.380304
8.380425
8.380305
8.380402
8.380296
8.380377
8.380298
8.380356
8.380290
8.380329
8.380290
8.380334
8.380288
8.380324
8.380289
8.380320
8.380286
8.380310
8.380286
8.380308
8.380285
8.380299
8.380285
8.380296
8.380283
8.380292
8.380284
8.380292
8.380283
8.380290
8.380283
8.380289
8.380283
8.380288
8.380283
8.380287
8.380282
8.380286
8.380282
8.380285
8.380282
8.380283
8.380282
8.380283
8.380282
8.380283
8.380282
8.380283
8.380282
8.380284
8.380282
8.380282
8.380282
8.380282
8.380282
8.380282
8.380282
8.380282
8.380282
8.380282
8.380282
