11644250.329825
11957205.710943
11915002.996826
11872874.891294
11830821.394348
11788842.505987
11746938.226211
11705108.555021
11618237.846271
11448771.463799
11527823.107043
11458582.558563
11400481.976178
11212907.335364
11295791.610707
11192701.102632
10929776.125036
11020184.350192
10893048.446123
10518408.928441
10727516.345386
10574893.832897
10360936.950621
9838638.967108
10110522.204746
9876511.748922
9732368.659821
9117980.610520
9299701.217913
9113417.230756
8342764.544223
8613885.527320
8157563.908138
7092110.166808
7706233.004524
7322563.493708
6696206.662856
5343141.248254
6070981.959545
5457243.157774
5051210.504278
3620745.441695
4055512.699311
3652753.568899
3075807.933002
1631204.608849
1954239.363852
1675662.936628
1263955.632084
268398.187334
403088.511989
289604.867409
62687.137217
336147.853866
46029.140959
1622489.077100
28605.609665
906878.015216
234289.266815
940330.514638
166784.012547
391804.623981
96586.155536
596795.218699
44417.218005
704371.274687
31888.835341
123789.323034
243070.028018
33472.187954
176345.075579
25263.474025
142170.402869
19302.412864
87312.357136
13005.442105
69409.464601
9022.939963
62009.305197
9169.003212
50223.902749
6602.672270
44771.193550
6583.383218
43129.344184
5618.620276
35066.848464
5252.105540
29214.775288
3778.873830
17469.434642
2761.585705
15947.720830
1627.122206
10645.253569
2072.752357
9921.195182
1302.576278
9252.974653
1360.791415
8424.724579
1113.559733
7348.494762
1088.824411
5635.073977
754.104749
3807.727910
581.719259
3152.696890
411.306260
2204.850900
349.507959
2366.255138
246.113311
1517.805048
306.986232
1663.866379
226.544113
1530.068237
229.750374
1109.849227
156.883792
813.147693
126.259571
607.571662
88.228857
487.638167
78.625302
457.521117
67.156123
336.772212
57.917608
401.481743
46.931045
258.812701
59.038051
224.052809
38.239560
177.968179
32.296308
123.355711
24.497452
111.119733
22.454167
92.520019
20.285434
102.037454
16.886680
62.029877
20.253234
61.448066
16.410106
54.101008
14.166920
40.652245
13.423997
33.556055
11.461417
27.078781
11.374103
27.392553
10.618424
23.985037
10.922650
22.088778
9.966583
18.741828
10.117062
17.905949
9.440873
14.647535
9.494037
13.684204
8.922851
11.953919
9.054765
12.281620
8.866905
11.427115
8.844348
11.080787
8.707594
10.516183
8.709651
10.131267
8.586263
9.798261
8.599481
9.449833
8.501786
9.086325
8.491346
9.182108
8.463639
8.970174
8.475830
8.921529
8.434812
8.802701
8.445191
8.748312
8.413838
8.639160
8.419569
8.578933
8.396554
8.527319
8.397856
8.545905
8.390957
8.483210
8.392711
8.485988
8.386113
8.455553
8.385460
8.447631
8.381065
8.426242
8.381132
8.415211
8.376783
8.402189
8.377560
8.404680
8.376009
8.396882
8.376145
8.394698
8.374717
8.389394
8.374993
8.387112
8.373749
8.383289
8.374083
8.380824
8.373125
8.378128
8.373115
8.378805
8.372838
8.376977
8.372962
8.377047
8.372614
8.375232
8.372691
8.375125
8.372483
8.374336
8.372444
8.373682
8.372294
8.373488
8.372309
8.373433
8.372263
8.373090
8.372253
8.373039
8.372208
8.372782
8.372206
8.372720
8.372168
8.372536
8.372172
8.372445
8.372135
8.372346
8.372139
8.372365
8.372127
8.372297
8.372130
8.372284
8.372116
8.372237
8.372120
8.372216
8.372110
8.372189
8.372111
8.372169
8.372103
8.372143
8.372104
8.372149
8.372102
8.372136
8.372102
8.372136
8.372100
8.372123
8.372100
8.372121
8.372098
8.372113
8.372099
8.372109
8.372097
8.372106
8.372097
8.372106
8.372097
8.372103
8.372097
8.372103
8.372096
8.372101
8.372096
8.372100
8.372096
8.372099
8.372096
8.372098
8.372096
8.372097
8.372096
8.372100
8.372096
8.372096
8.372096
8.372096
8.372096
8.372096
8.372095
8.372095
8.372095
8.372095
