500557897.323296
500670206.438427
515806377.050434
513268028.996790
510735942.123804
508210116.431474
505690551.919802
500670206.438427
495800809.539033
485575902.495234
490286609.755415
486905794.669428
483666137.481452
471721161.553515
476190385.368870
474523646.039643
467654132.872404
450853736.049823
452668206.325803
452589869.107363
446324945.109362
425919339.192508
429951325.475382
426628046.889324
414907340.231949
386289143.703713
393601443.526051
394496947.486380
379339751.927973
345151891.008788
352393897.973450
349120056.425794
331690117.915913
289188189.582911
295744610.775493
295902575.301593
271474334.118791
218310829.594131
232852455.151247
229849685.870991
202242759.021057
143868988.500096
154885664.294920
155512216.799261
123578703.883861
65395886.674432
76679397.656118
74855403.237853
47483210.315465
7631435.512772
14703657.022182
13575363.341900
1449981.154906
19476418.570101
2041879.732814
1219467.202476
36397037.016250
14277370.955973
43667899.657815
8606705.238297
18409904.139258
3256519.921013
24191815.123129
2576784.184329
16468249.582636
3061755.635721
15217208.611391
1501222.886441
8611218.294222
1790420.658641
4450485.344602
681184.839996
5375244.535767
536854.626978
2902525.996969
605637.655710
2935882.864017
414081.517124
2623893.566460
358531.362621
2142784.550225
305431.317289
2151016.853173
287659.256120
1714682.733625
250773.086609
997351.787339
136482.393910
870140.974395
122719.125652
787409.636154
107295.668251
586555.843068
84691.981492
532965.128653
70958.392240
429061.981776
62805.266626
434439.388384
56498.614462
346570.721627
52038.431565
204152.873685
26970.886596
172160.356823
25303.070834
161492.033657
21084.855276
116458.267341
17683.604840
109225.672807
13733.242798
85246.209941
13264.046766
88324.915621
10802.543266
69351.312282
11104.760469
42392.461108
5137.076328
33532.483034
5405.764919
33671.840954
3977.117987
22680.182824
3863.668474
22733.732382
2533.698452
16574.610877
2936.790555
17847.329743
2085.706751
13991.869818
2344.927900
8818.111384
1009.800381
6525.354720
1134.027465
6488.432899
744.575175
4909.956680
852.804779
4806.867403
551.507175
3156.798901
568.637493
3765.319379
447.963566
2677.682314
461.725460
1867.720976
216.807091
1250.570241
232.389735
1352.441443
168.949529
963.574292
169.057548
943.486633
111.837305
681.567405
130.531596
730.439296
95.305890
585.737454
104.030008
367.959831
51.657892
277.046375
54.696292
274.608254
38.994490
209.046655
45.124408
203.202753
32.495709
140.120593
32.155494
164.592258
27.255082
116.660460
28.756366
86.682823
17.922291
59.656194
19.386369
63.834718
16.720804
49.267845
16.036308
45.199588
14.214188
39.856308
14.605939
39.571899
13.476175
32.877689
13.608198
25.006107
11.681584
20.250799
11.632535
21.124510
11.146847
17.556305
11.249728
17.444105
10.774068
15.489663
10.825325
15.988505
10.574589
14.433387
10.675649
12.793827
10.221842
12.130098
10.266961
12.142279
10.137040
11.453558
10.166869
11.383882
10.064041
11.045655
10.078226
11.170380
10.033657
10.754083
10.038456
10.500436
9.958083
10.312592
9.960445
10.345485
9.938812
10.200573
9.942291
10.194972
9.922860
10.114940
9.925562
10.136468
9.914948
10.072032
9.919354
10.004690
9.900870
9.978995
9.902462
9.979438
9.897123
9.950775
9.898631
9.947770
9.894393
9.934423
9.894728
9.939189
9.893111
9.922655
9.893172
9.912277
9.889925
9.904138
9.890147
9.905638
9.889243
9.900007
9.889262
9.899735
9.888481
9.896253
9.888693
9.897355
9.888180
9.894546
9.888422
9.891749
9.887677
9.890888
9.887681
9.890924
9.887458
9.889623
9.887574
9.889490
9.887396
9.889058
9.887365
9.889163
9.887336
9.888570
9.887310
9.888138
9.887183
9.887726
9.887220
9.887804
9.887176
9.887636
9.887153
9.887544
9.887141
9.887498
9.887135
9.887478
9.887127
9.887402
9.887125
9.887268
9.887107
9.887222
9.887099
9.887225
9.887096
9.887191
9.887092
9.887171
9.887090
9.887162
9.887088
9.887160
9.887086
9.887141
9.887087
9.887114
9.887084
9.887105
9.887082
9.887107
9.887080
9.887101
9.887080
9.887096
9.887079
9.887094
9.887079
9.887093
9.887079
9.887091
9.887079
9.887083
9.887078
9.887079
9.887083
9.887077
9.887081
9.887077
9.887082
9.887077
9.887081
9.887077
9.887077
9.887082
9.887077
9.887077
9.887080
9.887077
9.887077
9.887077
9.887077
9.887077
9.887076
9.887076
9.887076
9.887077
9.887076
9.887076
9.887081
9.887076
9.887077
9.887077
9.887076
9.887076
9.887076
9.887076
9.887077
9.887076
9.887076
9.887076
9.887078
9.887076
9.887076
9.887077
9.887076
9.887078
9.887076
9.887076
9.887076
9.887076
9.887076
9.887076
9.887076
9.887076
9.887076
