 DIM = 11
1 0.02674
42 0.0260936
50 0.0246164
58 0.022882
60 0.0225117
62 0.020455
65 0.0199514
81 0.0197253
82 0.0195471
84 0.0193466
90 0.0184226
93 0.018047
97 0.0175652
102 0.0174295
112 0.0170698
120 0.0169861
121 0.0159129
137 0.0155011
138 0.0153303
142 0.0151553
147 0.0150641
149 0.014906
151 0.0145906
158 0.0144633
160 0.0137547
161 0.0135548
167 0.0135221
172 0.0135037
175 0.0132279
177 0.0130485
179 0.0130053
181 0.0128225
185 0.0120361
186 0.0115098
213 0.0113574
255 0.0113059
259 0.011148
268 0.0109358
275 0.0108747
276 0.0108054
277 0.0107779
278 0.0107678
286 0.0107013
291 0.0106491
292 0.0104511
300 0.0102538
304 0.0102218
309 0.0101753
311 0.0100351
315 0.00993393
316 0.00991499
317 0.0097806
324 0.00968935
325 0.00957633
329 0.0094993
330 0.00930545
335 0.0092819
339 0.00920455
341 0.00907743
352 0.00900503
354 0.00894705
360 0.00891594
366 0.00880908
373 0.00878199
374 0.00877979
386 0.00866745
401 0.00862151
434 0.00856198
438 0.0085513
457 0.00849166
511 0.00846111
512 0.00845659
521 0.00845659
522 0.00845658
524 0.00845658
529 0.00845658
531 0.00845658
533 0.00845658
536 0.00845658
538 0.00845658
542 0.00845658
552 0.00845658
554 0.00845018
563 0.0084487
606 0.00844721
613 0.00844362
631 0.00840847
635 0.00839432
638 0.00838646
642 0.0083491
643 0.00834014
644 0.00831957
679 0.00830213
689 0.00829206
693 0.00829042
694 0.00826447
704 0.00823108
705 0.00815427
713 0.00814935
715 0.00813701
718 0.00805152
719 0.00804652
721 0.00795769
722 0.00782948
731 0.00782948
734 0.00780429
748 0.00780018
753 0.00779073
754 0.00770249
771 0.00768658
775 0.00766319
779 0.00763336
780 0.00763336
782 0.00758748
783 0.00758212
790 0.00753506
791 0.00750613
798 0.00749749
802 0.00748669
806 0.00745339
810 0.00742432
811 0.00740059
816 0.00739935
817 0.00735087
823 0.00732059
827 0.00725373
828 0.00725239
846 0.0072489
850 0.00720771
851 0.00709538
868 0.00707884
891 0.0070364
909 0.00694536
929 0.00689091
933 0.00689091
936 0.00669537
937 0.00666555
966 0.00666555
981 0.00666555
996 0.00666555
1000 0.00660986
1005 0.0065864
1038 0.00653361
1058 0.00634399
1076 0.00632142
1082 0.00619231
1083 0.00614353
1100 0.00611318
1101 0.00611318
1103 0.00609921
1106 0.0060241
1107 0.00595218
1114 0.00594453
1120 0.00591068
1137 0.00589645
1147 0.00588438
1149 0.00588104
1163 0.00586785
1185 0.0058623
1206 0.0058436
1211 0.00583803
1228 0.00560989
1256 0.0055987
1261 0.00559626
1262 0.00558394
1265 0.00553644
1266 0.00553066
1277 0.00552487
1290 0.00550477
1303 0.00550005
1316 0.00549863
1318 0.00549831
1326 0.00549468
1327 0.00549468
1336 0.00549468
1338 0.00549468
1346 0.00549468
1348 0.00549467
1355 0.00549467
1356 0.0054934
1364 0.00549305
1365 0.00548936
1372 0.00548789
1373 0.00548641
1382 0.0054816
1383 0.005479
1387 0.00547862
1388 0.00547862
1389 0.00547862
1390 0.00547862
1394 0.00547862
1398 0.00547862
1405 0.00547862
1407 0.00547862
1416 0.00539173
1433 0.00527513
1451 0.00519975
1453 0.00519471
1471 0.00513486
1473 0.00513089
1478 0.00513089
1487 0.00506132
1488 0.00504385
1494 0.00504385
1500 0.00499874
1501 0.0049812
1503 0.0049715
1504 0.00496628
1506 0.00495318
1511 0.00492094
1515 0.00490442
1517 0.00486648
1520 0.00483413
1546 0.00481866
1550 0.00480204
1567 0.00472558
1568 0.00472018
1569 0.0046967
1570 0.0046967
1581 0.00467566
1607 0.00467566
1609 0.00466815
1618 0.00466042
1624 0.00464815
1625 0.00464153
1639 0.00462583
1672 0.0046101
1692 0.00460685
1698 0.0045911
1714 0.00456964
1717 0.00452881
1721 0.00451526
1724 0.00439123
1758 0.00438328
1776 0.00429438
