 DIM = 5
1 16.1588
5 12.5313
6 8.40512
8 8.39542
11 1.64432
28 1.24493
32 1.23652
33 1.2077
34 1.13013
35 1.02701
36 0.986646
37 0.986645
38 0.986645
51 0.117909
69 0.110285
103 0.0933646
119 0.0639829
146 0.0446075
155 0.040104
159 0.039607
161 0.036855
163 0.0354882
174 0.0354005
176 0.035073
180 0.0346641
186 0.0342582
195 0.0342582
200 0.0341568
216 0.0340388
218 0.0319755
231 0.0304085
232 0.0300763
256 0.0298177
263 0.0296616
265 0.0291757
266 0.0291504
268 0.0288872
272 0.0288872
277 0.0285007
278 0.0282968
280 0.0281182
281 0.0278877
286 0.0276294
287 0.0275457
288 0.0274048
297 0.0273731
306 0.0273731
313 0.0273731
316 0.0273731
317 0.0273731
321 0.027373
325 0.027373
356 0.027373
383 0.027373
385 0.027373
391 0.027373
432 0.027373
