 DIM = 8
1 264839
3 233277
4 139845
7 124009
8 21272.8
15 13753.1
33 12766.3
45 12396.8
58 9466.36
59 9087.39
88 6779.29
98 4222.39
112 4166.66
119 3612.77
123 2220.09
134 2145.08
135 1937.18
173 1887.01
181 1636.13
213 1596.24
217 1563.57
248 1510.12
285 1460.04
293 1314.72
319 1248.85
364 1202.44
389 1163.38
429 1156.84
432 1145.91
433 1141.41
443 1129.93
460 1129.93
463 1117.16
477 1109.52
507 1109.52
510 1092.81
516 1092.13
520 1083.68
523 1025.85
584 1021.23
590 992.774
591 989.515
600 987.98
601 984.903
606 966.13
607 957.182
608 956.969
609 938.649
618 931.861
626 910.921
628 904.323
629 890.016
640 877.016
641 872.651
644 868.306
645 858.716
652 848.546
662 845.862
663 839.092
674 826.432
682 820.726
683 815.106
691 807.302
692 803.811
701 799.233
702 778.894
711 773.171
741 748.247
752 735.771
791 699.046
845 698.44
847 698.44
850 696.357
852 695.859
854 693.147
868 693.147
872 692.758
880 691.625
882 691.625
908 691.625
927 691.625
938 691.625
940 691.625
944 691.625
949 691.625
953 691.625
956 691.625
968 691.625
985 691.625
987 691.624
991 691.624
994 691.624
999 691.624
1024 691.624
1026 691.624
1027 691.624
1028 691.624
1029 691.624
1030 685.311
1031 673.19
1051 639.59
1057 598.723
1124 594.56
1125 581.858
1126 529.229
1134 483.596
1155 446.786
1198 444.58
1205 441.879
1212 438.372
1214 438.372
1216 434.803
1220 434.087
1222 434.087
1225 431.133
1227 431.133
1229 428.529
1236 426.699
1256 426.699
1258 424.343
1262 423.88
1274 423.88
1276 423.805
1280 423.805
1295 423.236
1332 423.236
1334 423.236
1338 423.236
1342 423.236
1346 423.235
1350 423.235
