 DIM = 4
1 1.61525e+06
5 852056
6 58238.4
10 22142.5
21 21950.2
28 17243.5
31 15505.3
34 14327.4
36 14161.5
37 11737.9
39 9434.91
49 9380.64
50 7800.91
56 6303.12
57 4990.36
62 2158.83
72 1825.58
73 944.863
74 771.375
79 548.702
93 349.756
103 334.616
131 310.953
132 264.329
140 239.301
145 223.136
148 187.975
153 139.683
168 127.916
210 105.058
221 105.058
222 62.1586
223 8.86121
254 6.37257
263 2.63996
269 2.42122
276 1.66754
288 1.6563
304 1.11546
312 0.701785
320 0.273663
333 0.254543
335 0.235085
338 0.186359
346 0.122303
356 0.0803165
358 0.0746061
362 0.0719391
365 0.0553422
367 0.0490073
371 0.0359211
377 0.0314339
386 0.00835886
389 0.00280227
405 0.0013272
422 0.0013029
425 0.00107834
426 0.000235473
434 0.000230293
448 2.37533e-05
466 5.66667e-06
485 2.27111e-06
487 1.13778e-06
499 0
