 DIM = 11
1 9.60594
4 9.58442
9 9.5229
16 9.36777
19 8.7552
22 8.24134
59 8.16341
61 7.65644
68 7.54725
77 7.47508
80 7.38844
81 6.91277
101 6.69148
106 6.6409
109 5.74272
142 5.48819
149 5.47492
159 5.20803
164 4.99126
212 4.80035
228 4.67337
232 4.55814
261 4.43339
282 4.29089
309 4.25583
316 4.22728
320 4.20617
323 3.54712
327 3.47192
335 2.55636
342 2.2549
380 2.16658
389 2.16282
392 2.14457
425 1.94437
457 1.75133
470 1.51176
499 1.51018
502 1.50562
509 1.48441
510 1.47346
516 1.46608
520 1.4633
525 1.44003
533 1.41892
541 1.4081
545 1.39289
546 1.38948
557 1.38605
559 1.38407
564 1.37183
569 1.36631
571 1.36412
573 1.35643
579 1.35588
582 1.32901
646 1.3232
648 1.32109
666 1.31584
670 1.31291
673 1.31291
679 1.3094
681 1.3094
687 1.3094
689 1.30933
693 1.30933
697 1.30827
706 1.30803
707 1.30692
710 1.30263
711 1.30263
718 1.30194
728 1.29934
752 1.29439
782 1.29208
786 1.29057
790 1.28933
795 1.28918
833 1.28918
842 1.28918
843 1.28918
851 1.28918
853 1.28918
860 1.28918
866 1.28918
879 1.28918
881 1.28918
902 1.28918
905 1.28918
911 1.28918
918 1.28918
921 1.28918
922 1.28918
923 1.28918
942 1.28918
943 1.28918
946 1.28918
981 1.28918
989 1.28918
1025 1.28918
1036 1.28918
1043 1.28918
1048 1.28918
1053 1.28918
1059 1.28918
1073 1.28918
1077 1.28918
1082 1.28918
1083 1.28918
1084 1.28918
1109 1.28918
1143 1.28918
1149 1.28918
1152 1.28918
1173 1.28617
1180 1.2844
1189 1.28335
1223 1.28335
1225 1.27987
1250 1.27987
1251 1.27987
1256 1.27987
1257 1.27987
1271 1.27987
1279 1.27987
1295 1.27987
1332 1.27987
1335 1.27987
1338 1.27987
1341 1.27987
1342 1.27986
1343 1.27986
1344 1.27986
1355 1.27986
1356 1.27986
1362 1.27986
1364 1.27986
1382 1.27986
1407 1.27986
1445 1.27986
1466 1.27986
1476 1.27986
1477 1.27986
1497 1.27986
1498 1.27986
1502 1.27986
1504 1.27986
1515 1.27986
1517 1.27986
1520 1.27986
1524 1.27986
1529 1.27986
1533 1.27986
1560 1.27986
1579 1.27986
1587 1.27986
1596 1.27986
1607 1.27986
1608 1.27986
1613 1.27986
1614 1.27986
1625 1.27986
1626 1.27986
1634 1.27986
1635 1.27986
1637 1.27986
1641 1.27986
1642 1.27986
1653 1.27986
1654 1.27986
1661 1.27986
1662 1.27986
1668 1.27986
1669 1.27986
1671 1.27986
1672 1.27986
1673 1.27986
1676 1.27986
1688 1.27986
1707 1.27986
1736 1.27986
1753 1.27986
1762 1.27986
1770 1.27986
1793 1.27986
1797 1.27986
1800 1.27986
