 DIM = 11
1 112
13 89.4169
14 46.6714
25 45.6734
26 40.4627
29 40.3902
30 39.5117
38 29.6765
47 27.3897
48 22.8737
54 22.8603
56 20.3747
77 19.6278
126 19.2245
131 19.0641
139 18.5572
140 17.9879
151 17.5193
154 17.4479
155 17.2331
181 17.0997
187 16.9864
188 16.6367
211 16.5842
231 16.5726
233 16.3344
242 16.1163
266 16.0327
268 15.8246
291 15.6049
326 15.6049
378 15.6049
400 15.6043
426 15.6043
430 15.6043
452 15.6043
484 15.6043
503 15.6043
504 15.6043
517 15.6043
523 15.6043
544 15.6042
548 15.6042
550 15.6042
551 15.6042
559 15.6042
586 15.6042
590 15.6042
592 15.6042
594 15.6042
598 15.6042
605 15.6042
609 15.6042
614 15.6042
637 15.6042
641 15.6042
653 15.6042
656 15.6042
680 15.6042
699 15.6042
732 15.6042
747 15.6042
773 15.6042
780 15.6042
788 15.6042
789 15.6042
809 15.6042
812 15.6042
813 15.6042
830 15.6042
834 15.6042
836 15.6042
839 15.6042
843 15.6042
859 15.6042
866 15.6042
871 15.6042
883 15.6042
890 15.6042
911 15.6042
914 15.6042
916 15.6042
920 15.6042
965 15.6042
1007 15.6042
1045 15.6042
1059 15.6042
1114 15.6042
1120 15.6042
1125 15.6042
1136 15.6042
1143 15.6042
1145 15.6042
1153 15.6042
1167 15.6042
1181 15.6042
1192 15.6042
1218 15.6042
1225 15.6042
1248 15.6042
1249 15.6042
1273 15.6042
1295 15.6042
1331 15.6042
1339 15.6042
1354 15.6041
1355 15.6041
1365 15.6041
1374 15.6041
1395 15.6041
1399 15.6041
1405 15.6041
1406 15.6041
1440 15.6041
1457 15.6041
1503 15.6041
1508 15.6041
1525 15.6041
