 DIM = 9
1 0.028862
12 0.0249416
64 0.023844
67 0.0223067
86 0.0201717
117 0.0142098
146 0.0137917
148 0.0131098
168 0.0126594
170 0.0119416
173 0.0118578
176 0.0118578
179 0.0117767
181 0.0117188
184 0.0116272
190 0.0110551
194 0.0110318
196 0.0109605
198 0.0109553
199 0.0103159
200 0.0101896
204 0.00994749
208 0.00938688
209 0.00871865
214 0.0085358
215 0.00807869
220 0.00784346
221 0.00747309
224 0.00698777
225 0.00659827
237 0.00648013
243 0.00640301
250 0.00637221
256 0.00633514
258 0.00629797
261 0.00627316
264 0.00624932
266 0.0062223
268 0.00621185
279 0.00620968
283 0.00620968
284 0.00620968
287 0.00619995
290 0.00618936
294 0.0061411
306 0.00611995
307 0.00608303
315 0.00600409
318 0.00599949
319 0.00598962
347 0.0059671
349 0.00592031
355 0.00591135
356 0.00584226
358 0.00578357
359 0.00566981
368 0.00566582
369 0.00565757
371 0.00552849
372 0.00543415
375 0.00542456
376 0.00534904
380 0.00534252
382 0.00518157
383 0.00515674
384 0.00499101
385 0.00484098
392 0.00479433
393 0.00478076
394 0.00465041
395 0.00457126
396 0.00454775
397 0.00445866
398 0.00435542
403 0.00399584
404 0.00356232
411 0.00281419
427 0.002587
446 0.00252789
450 0.00213561
481 0.00175016
490 0.00167166
500 0.00162987
503 0.00142736
521 0.00117882
522 0.00115601
551 0.00106785
554 0.000946827
559 0.000935725
589 0.000933333
604 0.000824949
614 0.000756824
617 0.000715938
623 0.000659633
629 0.000649285
637 0.000560973
638 0.000507656
647 0.000454239
648 0.000443656
652 0.000416523
655 0.000415809
658 0.000326775
659 0.000259675
666 0.000255493
669 0.000231375
673 0.000193915
679 0.000140858
689 0.000121006
693 0.00011334
696 0.000108996
699 0.000107984
704 9.35982e-05
706 8.47624e-05
710 7.9259e-05
741 7.82147e-05
745 4.36169e-05
748 3.806e-05
770 3.69746e-05
774 3.47656e-05
777 3.3675e-05
793 3.14588e-05
795 2.47403e-05
798 2.25118e-05
851 1.91525e-05
856 1.80424e-05
858 1.69301e-05
860 1.58159e-05
865 1.46996e-05
870 1.35812e-05
878 1.13279e-05
894 1.02044e-05
909 9.07882e-06
933 7.95118e-06
956 5.68456e-06
989 4.55176e-06
1011 3.41691e-06
1039 2.28e-06
