 DIM = 6
1 2.32392e+06
5 2.18505e+06
6 1.85663e+06
7 1.3183e+06
9 572281
11 490322
12 378988
15 304959
17 154239
18 30117.4
23 3668.6
48 1907.62
50 1295.4
54 888.505
56 625.979
68 231.805
86 178.261
126 77.0371
164 72.8593
165 70.0449
169 66.0915
202 61.8994
203 58.5367
216 50.1811
217 47.601
223 41.639
224 37.586
225 33.5303
226 25.1562
232 19.8257
238 18.1055
241 17.4093
249 17.1253
253 16.9786
254 15.6504
258 15.3921
266 15.1413
269 14.7451
271 14.6507
275 14.6144
276 14.4835
278 14.3195
280 13.6951
281 12.8808
288 11.8719
289 11.0522
292 10.9469
293 10.127
296 8.97957
297 7.64961
301 7.41551
303 6.24047
304 5.11803
306 4.78137
307 4.30127
310 3.70087
315 3.23023
320 2.25884
321 2.03708
335 1.56726
336 1.32376
341 1.12234
342 0.957391
353 0.642682
370 0.630432
374 0.622094
380 0.586675
382 0.569522
386 0.564745
400 0.561808
402 0.557799
403 0.551539
423 0.497764
426 0.455924
428 0.408777
442 0.39546
447 0.393143
452 0.37627
464 0.317774
479 0.297829
510 0.268306
516 0.251918
518 0.247268
536 0.241671
541 0.206702
558 0.175287
559 0.153446
593 0.127974
594 0.122494
612 0.116713
635 0.113293
640 0.113014
644 0.111627
668 0.111389
672 0.10815
686 0.104631
690 0.104108
717 0.10383
733 0.103638
735 0.102957
736 0.102951
737 0.101839
738 0.101039
743 0.100942
744 0.100713
747 0.0997423
749 0.0991134
752 0.0982733
753 0.0982733
754 0.096928
755 0.0961888
768 0.0959733
769 0.0958218
772 0.0957334
774 0.0947707
775 0.0944052
781 0.0944052
783 0.0942973
794 0.0942486
810 0.0942485
844 0.0938824
846 0.0938516
849 0.0938516
859 0.0938516
861 0.0938515
874 0.0936188
876 0.0935728
878 0.092433
901 0.0920996
902 0.091645
915 0.0904423
916 0.0895667
943 0.0895667
946 0.0892561
949 0.088967
950 0.0885063
969 0.0873965
970 0.0869527
974 0.0869391
975 0.0867816
980 0.0862937
981 0.0862936
986 0.0862936
988 0.0860925
990 0.0859053
992 0.0852936
993 0.0850427
998 0.0850427
1002 0.0848547
1005 0.0847508
1010 0.0841613
1011 0.0837497
1015 0.0836276
1016 0.0832137
1019 0.0822198
1020 0.0816845
1022 0.081277
1023 0.0803323
1024 0.0802711
1025 0.0790449
1027 0.0785377
1028 0.0772674
1030 0.076647
1031 0.0759552
1033 0.0742385
1034 0.0721785
1041 0.0702632
1043 0.068436
1044 0.0683547
1046 0.0680282
1050 0.0644841
