 DIM = 9
1 0.028883
12 0.0249411
64 0.0238668
67 0.0223736
111 0.020703
123 0.0178684
145 0.0178214
168 0.0170572
170 0.0168487
176 0.0166524
202 0.015823
203 0.0155941
205 0.0147182
206 0.0131927
211 0.0123611
212 0.0105738
214 0.00974917
215 0.00837876
218 0.00701443
237 0.00666779
257 0.00615866
277 0.00548197
312 0.005123
323 0.0048797
339 0.00447626
342 0.00447525
355 0.00391072
356 0.0039012
363 0.00368163
385 0.00330898
389 0.00319441
394 0.0031038
396 0.00307661
420 0.00290658
423 0.00261532
424 0.00256563
432 0.00227263
433 0.00206759
436 0.00197787
437 0.00183719
442 0.0016237
445 0.00140078
446 0.00102434
475 0.000955699
478 0.000898751
486 0.000745782
517 0.000738407
535 0.000697127
563 0.000471793
576 0.00039588
580 0.000386704
594 0.00035218
614 0.000316428
621 0.000224215
642 0.00021355
647 0.000169593
648 0.000152128
664 0.000144611
668 0.000124809
697 3.12575e-05
744 3.01944e-05
748 2.8007e-05
752 2.58118e-05
755 2.4733e-05
759 2.36501e-05
763 2.14352e-05
770 1.92124e-05
776 1.81138e-05
811 1.70113e-05
817 1.59048e-05
823 1.47944e-05
834 1.368e-05
