 DIM = 12
1 1808
14 945.918
15 164.307
45 157.084
47 105.829
60 75.4336
101 71.2226
124 67.7716
128 67.7296
132 65.963
134 64.7295
136 63.4044
143 62.119
150 61.5661
153 55.4228
162 54.5284
176 53.5653
181 50.7017
199 49.0853
224 48.1849
225 47.0641
228 46.7895
236 46.6508
239 45.5781
241 43.298
251 42.7843
256 42.7843
265 42.33
271 36.7341
272 33.559
293 31.6169
312 31.0224
361 30.8486
364 30.7071
366 29.7514
367 29.7514
383 29.7121
392 29.6749
402 29.6288
407 29.1139
408 28.7213
437 28.7144
464 28.6078
484 28.6078
488 28.6078
494 28.6078
497 28.6078
500 28.6078
517 28.6078
539 28.6078
560 28.6078
564 28.6078
570 28.6078
607 28.6078
611 28.6078
616 28.6078
618 28.6078
623 28.6078
637 28.6078
657 28.6078
674 28.6078
705 28.6078
706 28.6078
720 28.6078
724 28.6078
726 28.6078
728 28.6078
733 28.6078
747 28.6078
755 28.6078
763 28.6078
771 28.6078
788 28.6078
806 28.6078
808 28.6078
810 28.6077
825 28.6077
858 28.6077
