 DIM = 10
1 1356
2 1352.25
5 1291.76
6 1208.83
9 1098.1
10 1069.2
12 971.25
16 824.268
24 713.031
28 678.218
42 523.615
46 506.972
63 486.814
74 469.978
77 457.761
90 380.07
91 260.123
107 229.231
108 190.507
114 139.092
115 130.664
125 120.747
126 116.236
130 87.4593
132 73.8933
154 46.6454
175 39.8597
212 38.6874
219 34.238
220 29.3035
230 26.5641
239 24.5351
268 23.8035
270 23.0474
272 22.7355
281 21.1245
285 20.7949
310 20.5264
317 20.3728
372 20.3728
392 20.2479
403 20.2392
406 20.2392
408 20.2392
411 20.2392
417 20.2392
432 20.2392
441 20.2392
464 20.2392
484 20.2392
486 20.2392
503 20.2392
517 20.2392
530 20.2392
544 20.2392
571 20.2392
610 20.2392
613 20.2392
629 20.2392
659 20.2392
661 20.2392
663 20.2392
678 20.2392
694 20.2392
