 DIM = 4
1 3.08386e+11
2 3.0671e+11
3 3.06306e+11
6 8.32611e+10
7 6.53263e+08
9 3.3873e+08
20 2.07311e+08
22 8.59002e+07
25 4.56523e+07
27 2.48365e+07
31 1.61171e+07
37 1.44939e+07
41 1.30187e+07
52 6.16346e+06
64 4.50427e+06
67 3.20156e+06
70 2.78348e+06
74 1.8693e+06
95 928417
97 256931
110 120749
144 104139
163 102936
184 93211.7
204 90645.2
209 90539.2
211 89984
213 89552.1
235 89343.2
243 89343.2
253 89343.2
275 89343.2
327 89343.2
355 89343.2
363 89343.2
364 89343.1
394 89343.1
397 89343.1
402 89343.1
414 89343.1
425 89343.1
430 89343.1
441 89343.1
469 89343.1
489 89343.1
500 89343.1
501 89343.1
504 89343
538 89343
539 89343
554 89343
557 89343
558 89343
561 89343
562 89343
563 89343
566 89343
571 89343
607 89342.9
613 89342.9
616 89342.9
619 89342.9
621 89342.9
628 89342.9
629 89342.9
632 89342.9
634 89342.9
644 89342.9
648 89342.9
649 89342.8
653 89342.8
658 89342.8
659 89342.8
670 89342.8
671 89342.8
677 89342.8
682 89342.8
684 89342.8
690 89342.8
691 89342.8
694 89342.7
696 89342.7
701 89342.7
703 89342.7
704 89342.7
708 89342.7
709 89342.7
710 89342.7
711 89342.7
714 89342.7
717 89342.7
719 89342.6
721 89342.6
723 89342.6
727 89342.6
749 89342.6
