 DIM = 3
1 10600
3 8843.34
4 5543.8
6 4467.19
9 2531.11
13 1329.36
16 471.928
20 412.798
22 132.211
26 25.0907
49 14.7881
58 11.7685
59 9.67368
62 5.166
68 4.66525
70 4.51398
72 3.15544
76 2.97356
86 2.72162
87 2.59161
90 2.28462
91 2.19196
94 2.131
99 2.06451
101 1.97406
102 1.96806
104 1.76874
105 1.66206
108 1.41575
109 1.2639
114 0.908279
115 0.712894
118 0.379863
119 0.19223
129 0.133603
134 0.125214
140 0.113891
141 0.0734022
153 0.0180537
163 0.00558424
165 0.00341269
176 0.00270275
178 0.000950891
188 6.46253e-05
196 3.41067e-06
205 0
