 DIM = 8
1 26.75
2 24.1652
4 19.2201
10 18.4878
40 18.3956
50 18.2356
54 17.9207
55 16.6096
61 15.469
97 14.7969
103 14.528
122 12.7958
128 12.1048
155 12.0608
159 11.9535
168 11.3203
192 11.2713
210 11.2713
213 10.8745
216 10.8745
222 10.8319
243 10.6981
246 10.5328
275 10.4541
281 10.3817
284 10.3817
292 10.3378
295 10.3359
299 10.2726
302 10.1944
303 10.1747
317 10.1747
319 10.1613
322 10.1613
325 10.1613
329 10.1344
333 10.1344
338 10.1344
340 10.1223
345 10.1024
372 10.1024
376 10.1023
380 10.1023
408 10.1
426 10.0974
467 10.0974
470 10.0974
471 10.0974
505 10.0974
512 10.0974
528 10.0974
547 10.0974
561 10.0974
568 10.0974
569 10.0974
575 10.0974
576 10.0974
577 10.0974
580 10.0974
581 10.0974
585 10.0974
586 10.0974
590 10.0974
591 10.0974
594 10.0973
595 10.0973
597 10.0973
600 10.0973
610 10.0973
617 10.0973
632 10.0973
637 10.0973
641 10.0973
667 10.0973
670 10.0973
671 10.0973
690 10.0973
691 10.0973
693 10.0973
694 10.0973
700 10.0973
701 10.0973
706 10.0973
707 10.0973
711 10.0973
712 10.0973
717 10.0973
718 10.0973
719 10.0973
721 10.0973
729 10.0973
758 10.0973
761 10.0973
791 10.0973
794 10.0973
798 10.0973
815 10.0973
837 10.0973
864 10.0973
884 10.0973
894 10.0973
897 10.0973
900 10.0973
911 10.0973
914 10.0973
930 10.0973
934 10.0973
965 10.0973
984 10.0973
1004 10.0973
1017 10.0973
1038 10.0973
1063 10.0973
1070 10.0973
1082 10.0973
1094 10.0973
1104 10.0973
1122 10.0973
1124 10.0973
1134 10.0973
1153 10.0973
1161 10.0973
1165 10.0973
1184 10.0973
1194 10.0973
1197 10.0973
1198 10.0973
1207 10.0973
1212 10.0973
1221 10.0973
1245 10.0973
1270 10.0973
1274 10.0973
1302 10.0973
1334 10.0973
