1168591235.000000
1197993072.500000
1193770445.000000
1189555272.500000
1185347555.000000
1181147292.500000
1176954485.000000
1172769132.500000
1164420792.500000
1147813572.500000
1155509233.571429
1150009709.118075
1144137939.730171
1123806534.520437
1131975741.903516
1123374512.118336
1097052589.648077
1106008704.468760
1092476517.918117
1055380280.359805
1076770494.655735
1061558505.233643
1039620969.738566
987532638.263025
1014006659.639700
991315633.249106
976282803.730873
914453501.084877
933734111.745376
913234815.079837
836515182.484142
864769443.930246
819219528.200663
712340535.069314
772431578.004794
734190822.010614
671805455.526903
536677420.230841
608881886.488653
547692663.882455
507165673.577954
363932975.230188
407705420.430787
366720176.057503
308927952.236466
164263741.450908
196527647.777777
168694291.749577
127358784.082173
27317195.354940
40911857.988521
29476810.296831
6506772.269411
33047740.261847
4401700.982799
160923067.293027
2704850.999496
89801723.004270
22990760.789326
93219098.841681
16298323.636912
38634406.943774
9380040.827348
58904753.750699
4636300.272695
69728879.969803
3357489.606687
12706089.935882
24787626.439512
3179663.580800
17229806.319822
2675521.327925
14582928.974179
1801839.786889
8451191.718089
1407444.107661
7760156.121886
843609.716417
5416700.379058
983420.032517
5807369.215186
595676.925199
3746719.134902
728399.835871
4093249.609206
529535.912768
3734244.643231
553053.961693
2694870.750122
355631.510257
1949983.379542
292323.464589
1486992.146697
192640.270348
1163281.090281
175754.202466
1117273.492863
141265.581007
803080.726204
125899.216999
958685.126581
97960.266121
623425.283578
121372.080681
531552.495770
70227.237987
407203.207220
60508.014644
288503.905096
37992.216668
246483.494053
36222.363711
211934.789572
27828.227681
175844.336618
26018.407493
184452.851966
23697.346324
133431.487170
20575.288893
108496.620517
13556.740876
81297.364572
12821.939491
59434.653308
7272.031404
48470.455053
7697.834223
43966.014346
5290.679967
34326.977296
5580.104887
38126.031719
4447.243720
26283.777099
4502.009536
22544.802406
2485.207172
15893.052632
2858.780803
12180.440271
1466.503822
9583.046974
1565.293193
8961.572218
1053.458030
6848.354276
1153.088670
7375.046286
838.890968
5648.328148
981.427226
4780.548056
526.927740
3011.587595
566.540535
2410.855703
309.039879
1987.947724
315.188974
1789.041132
228.181224
1409.812617
229.997673
1549.061798
192.861770
1089.167730
187.809086
917.159005
112.065061
667.153814
122.060271
508.759232
65.302457
392.388142
74.081427
377.001430
48.896527
282.863823
57.064081
304.612710
43.001105
241.687455
47.164888
199.050317
29.032565
134.808961
31.669752
110.474375
21.005353
84.365617
20.485600
85.692085
17.590627
60.734805
17.171609
72.866600
15.472981
50.934806
16.120440
44.974274
12.820208
35.644895
12.802767
28.559654
10.757573
24.180164
10.990851
23.341362
10.094162
19.623616
10.299853
21.230829
9.797319
17.151301
9.960360
16.052702
9.168571
13.645895
9.387404
12.310007
8.893233
11.694054
8.872091
11.281096
8.756443
10.754156
8.736308
10.798467
8.687193
10.314470
8.677424
9.931983
8.574981
9.431896
8.547990
9.190671
8.477688
9.031242
8.485428
8.981947
8.451076
8.843810
8.457178
8.880640
8.437239
8.759339
8.445262
8.704705
8.415829
8.584642
8.417966
8.543486
8.400503
8.511454
8.400883
8.501012
8.394950
8.474246
8.395391
8.484224
8.392510
8.453696
8.392659
8.442324
8.387224
8.424912
8.388130
8.413386
8.384146
8.406582
8.384652
8.404916
8.383086
8.398999
8.383489
8.400881
8.382544
8.395534
8.382992
8.393706
8.381686
8.388484
8.381870
8.386819
8.381144
8.385694
8.381079
8.385108
8.380912
8.384177
8.380863
8.384424
8.380809
8.383352
8.380758
8.382744
8.380587
8.382166
8.380579
8.381633
8.380446
8.381343
8.380451
8.381284
8.380401
8.381041
8.380407
8.381138
8.380380
8.380886
8.380386
8.380794
8.380337
8.380649
8.380348
8.380548
8.380314
8.380502
8.380317
8.380480
8.380305
8.380439
8.380307
8.380450
8.380301
8.380408
8.380303
8.380391
8.380294
8.380350
8.380294
8.380337
8.380288
8.380324
8.380289
8.380323
8.380286
8.380312
8.380287
8.380317
8.380286
8.380306
8.380286
8.380303
8.380284
8.380297
8.380284
8.380292
8.380283
8.380291
8.380283
8.380290
8.380283
8.380290
8.380282
8.380285
8.380293
8.380282
8.380284
8.380282
8.380286
8.380282
8.380285
8.380282
8.380283
8.380282
8.380283
8.380282
8.380284
8.380282
8.380282
8.380282
8.380282
8.380282
8.380282
8.380282
8.380282
8.380282
8.380282
8.380282
