54.000000
54.050000
54.050000
54.050000
54.050000
54.050000
54.050000
54.050000
54.050000
54.050000
54.038889
54.036420
54.033402
54.029713
54.025205
54.019695
54.012961
54.004730
53.994670
53.967005
53.989807
53.981918
53.973495
53.964690
53.932179
53.948526
53.938221
53.928346
53.886038
53.910201
53.894976
53.884095
53.831238
53.858499
53.841368
53.819938
53.746405
53.793502
53.771647
53.742015
53.646934
53.705490
53.678607
53.641448
53.519153
53.593577
53.555644
53.504530
53.341176
53.441750
53.390294
53.336400
53.131398
53.249740
53.181319
53.109522
52.840816
52.995598
52.909077
52.809995
52.610479
52.668213
52.559207
52.351317
52.342211
52.012003
52.264183
52.260401
52.031967
52.195478
52.151013
52.052441
52.123309
52.096476
51.919123
51.717495
51.910513
51.791803
51.767021
51.726154
51.665601
51.436748
51.545829
51.477282
51.374494
51.045758
51.247907
51.146375
51.121657
51.003025
50.621027
50.798307
50.602702
50.072844
50.446494
50.279163
50.062456
49.375311
49.835164
49.645317
49.432803
49.039236
48.035975
48.993426
48.830563
48.211647
48.114505
47.726113
46.815093
47.312990
46.991683
46.653421
45.549452
46.413407
45.925668
45.533630
44.130918
45.138892
44.343801
43.915145
50.614040
43.825961
42.229189
42.918047
42.189845
44.385170
41.652961
57.666741
42.504249
48.218687
44.311821
42.695177
45.190404
43.467597
46.026701
43.404705
50.516023
43.273909
40.777695
40.230242
44.167552
42.669905
44.526937
42.597638
46.402977
42.494669
40.418725
42.420641
40.521038
41.923571
41.302850
41.601771
48.287520
41.618396
40.572353
46.705545
41.311928
40.998424
39.686044
38.993329
42.157928
40.863895
40.735211
39.507084
45.052745
40.610536
40.984340
39.549679
40.119138
46.400031
40.150825
44.568563
40.076783
40.350769
39.201306
39.133016
38.720163
39.313718
38.998948
38.308069
39.905857
39.271205
38.070166
37.088977
38.096850
37.751898
37.650153
37.375352
37.053050
36.844242
38.142674
36.833031
39.818769
38.349582
37.203867
37.846194
37.326107
37.920413
36.314660
38.067193
37.096793
38.859019
37.242512
37.660449
37.168993
36.423935
40.038316
36.919302
37.583051
36.859549
36.572421
36.564836
37.177160
36.638351
35.732747
35.284560
38.120922
36.493212
36.923172
36.442983
37.311065
36.043626
36.088928
35.688178
36.673990
36.246332
36.214638
36.080573
35.766964
35.540712
35.135961
34.598747
34.814466
35.159613
37.337689
35.559616
34.949576
34.140255
33.426980
34.411395
33.655721
33.919001
33.559522
33.720815
33.751009
32.855460
32.450432
32.804336
32.931143
32.275587
32.242204
32.551835
32.622104
32.258398
31.573839
30.775931
31.425861
30.871041
31.148522
31.874075
30.397664
29.877556
31.739528
30.265132
31.111478
30.151737
29.893525
30.288697
29.849403
29.746210
29.835783
29.825761
29.476738
29.222660
29.836999
30.389540
29.966391
29.778371
29.718054
29.372380
29.329436
29.223600
29.127846
28.773270
28.892948
28.740608
30.420303
28.533278
28.475028
28.984807
28.187824
28.067032
28.035896
28.060831
27.791387
27.269667
27.577115
27.005755
31.189600
28.264212
29.285490
28.277568
34.337554
28.190189
26.571993
25.757112
26.658912
27.958894
27.155990
31.921019
27.527591
26.419055
25.762815
27.410144
26.560498
27.618213
26.996939
28.970405
26.915260
25.884101
25.876852
25.968144
25.442075
25.893118
25.161375
27.709753
25.559958
25.836864
25.627170
25.681841
26.434364
25.599364
25.283650
28.347454
25.527772
25.257271
25.220532
25.617157
25.749160
25.250994
25.547503
25.769722
25.399333
25.268428
25.404481
27.219603
25.280610
25.064371
26.187860
25.724139
25.247305
25.544839
25.236285
25.152968
25.326859
25.180867
25.443283
24.963032
25.388936
25.173847
25.074105
24.907253
25.205636
24.845155
25.022020
25.290901
24.991334
24.866309
25.157336
24.770120
25.180323
25.098981
26.059794
25.039682
25.262851
25.009395
25.056643
24.941866
25.092447
24.885917
25.108318
24.969446
25.035496
24.952083
24.835717
24.771381
24.756704
25.069054
24.697961
24.947838
25.280021
24.869894
25.016470
24.850511
24.754202
24.842487
24.737780
24.824114
24.612002
24.530777
24.717734
24.849257
24.743955
24.767715
24.645529
24.667909
24.652623
24.609265
24.744879
24.678849
24.513278
24.398444
24.490394
24.537544
24.380334
24.221521
24.404857
24.577858
24.300685
24.245350
24.517191
24.439864
24.231236
24.099009
23.900800
24.423807
24.101526
24.113080
24.380136
23.960224
23.785552
23.479358
24.135038
23.737265
23.774521
23.692326
23.477831
23.105985
23.455727
23.292145
23.085450
22.608083
22.949252
22.728233
22.672192
22.510465
22.511373
22.554754
22.522079
22.514543
22.575151
22.548835
22.517212
22.544170
22.590347
22.535126
22.541178
22.553638
22.547453
22.558191
22.508224
22.558758
22.529949
22.555145
22.505260
22.546073
22.527892
22.552303
22.502117
22.687623
22.523955
22.512573
22.524478
22.503018
22.528196
22.514762
22.527647
22.513417
22.518794
22.510773
22.515355
22.509326
22.517425
22.508927
22.517143
22.508115
22.514413
22.501502
22.510164
22.516860
22.505932
22.509766
22.506169
22.510741
22.505774
22.511405
22.505400
22.509512
22.500936
22.509326
22.505027
22.505604
22.509228
22.503401
22.510041
22.503190
22.505032
22.506591
22.503301
22.506059
22.500612
22.505597
22.503138
22.506507
22.503030
22.503111
22.505197
22.501885
22.505590
22.501757
22.506152
22.501655
22.502438
22.504705
22.501738
22.502955
22.501873
22.502157
22.500277
22.502606
22.500154
22.501487
22.502708
22.501097
22.502775
22.501002
22.503093
22.500952
22.503252
22.500871
22.501204
22.501616
22.500227
22.501222
22.500764
22.501149
22.500692
22.501092
22.500628
22.501140
22.500585
22.501084
22.500106
22.500918
22.500549
22.500788
22.500484
22.500731
22.500436
22.500683
22.500393
22.500745
22.500050
22.500556
22.500096
22.500768
22.500325
22.500702
22.500283
22.500672
22.500251
22.500648
22.500221
22.500547
22.500181
22.500505
22.500155
22.500241
22.500302
22.500154
22.500324
22.500144
22.500252
22.500031
22.500274
22.500135
22.500209
22.500112
22.500171
22.500097
22.500197
22.500093
22.500171
22.500022
22.500172
22.500089
22.500173
22.500081
22.500139
22.500068
22.500123
22.500012
22.500097
22.500020
22.500104
22.500015
22.500121
22.500056
22.500128
22.500052
22.500126
22.500047
22.500108
22.500039
22.500089
22.500032
22.500090
22.500029
22.500045
22.500054
22.500029
22.500058
22.500027
22.500051
22.500023
22.500039
22.500019
22.500036
22.500004
22.500031
22.500018
22.500036
22.500017
22.500037
22.500016
22.500033
22.500014
22.500024
22.500003
22.500024
22.500001
22.500019
22.500003
22.500025
22.500011
22.500027
22.500010
22.500027
22.500009
22.500014
22.500009
22.500017
22.500008
22.500015
22.500001
22.500009
22.500014
22.500006
22.500010
22.500001
22.500011
22.500005
22.500013
22.500005
22.500014
22.500005
22.500009
22.500003
22.500007
22.500003
22.500009
22.500003
22.500010
22.500003
22.500003
22.500002
22.500003
22.500001
22.500005
22.500002
22.500005
22.500002
22.500007
22.500002
22.500002
22.500003
22.500002
22.500001
22.500003
22.500001
22.500002
22.500000
22.500002
22.500001
22.500003
22.500001
22.500005
22.500001
22.500002
22.500001
22.500001
22.500000
22.500000
22.500000
22.500001
22.500000
22.500001
22.500000
22.500000
