225.000000
226.100000
226.100000
226.100000
226.100000
226.100000
226.100000
226.100000
226.100000
226.100000
225.855556
225.801235
225.734842
225.653696
225.554517
225.433299
225.285143
225.104064
224.882745
224.274117
224.775759
224.602196
224.416889
224.223190
223.507936
223.867572
223.640852
223.423609
222.492842
223.024417
222.689463
222.450082
221.287244
221.886989
221.510096
221.038640
219.420902
220.457036
219.976243
219.324337
217.232538
218.520773
217.929351
217.111863
214.421373
216.058690
215.224160
214.099659
210.505867
212.718496
211.586457
210.400810
205.890764
208.494271
206.989008
205.409482
199.497954
202.903166
200.999697
198.819889
191.019147
195.700689
193.302557
194.598914
191.395095
190.637036
186.866584
183.633576
175.174556
184.344856
182.216339
181.853820
179.314382
175.641545
173.785552
166.810309
170.711472
170.646239
166.797791
158.247980
163.601084
160.361560
159.107903
155.154597
151.201702
152.686536
152.702271
152.115926
147.684047
140.489670
148.196843
146.086230
143.949202
141.578028
139.725062
174.335765
139.708936
133.212269
136.753643
134.536944
131.526508
203.369259
132.208598
135.389359
142.698555
132.113767
140.836220
132.070453
194.217457
136.954783
126.617064
132.459525
157.651823
134.488605
126.787871
132.477251
127.769334
135.657741
132.447579
166.693732
131.267314
148.392495
131.394652
133.242906
131.321321
127.984354
127.161538
126.113982
123.135746
124.793313
123.458204
121.784176
117.015604
126.474625
120.157022
118.347326
116.996409
112.864746
114.064736
111.446137
103.860674
116.100850
112.490525
105.957416
102.462466
105.786175
101.842158
104.293870
99.711511
96.866291
97.112283
103.395102
91.379686
96.694140
98.559840
102.253012
95.381296
97.422635
101.897704
102.277959
97.437136
93.842239
101.548957
95.613657
100.375214
96.934512
90.578850
97.062401
102.307819
95.340256
93.718639
91.253222
97.773658
94.898620
92.353971
96.543116
90.650521
88.796858
93.332934
98.470109
93.351144
95.906799
93.044356
88.360636
90.689609
103.623513
92.112372
95.502596
91.859804
94.198485
91.640601
92.767050
90.313406
95.342857
91.208748
92.953019
91.046295
92.231771
90.903676
89.037684
89.894180
90.560646
89.996228
89.964979
87.229640
85.519200
86.799340
87.715788
86.328733
87.318399
87.721825
85.870002
84.946266
91.628907
84.331405
85.281233
83.872242
84.491521
86.452705
83.504565
82.620187
85.113863
81.715698
81.557710
83.310271
81.126610
79.489643
83.628600
77.611252
73.657278
82.575947
75.271332
84.523598
81.716765
74.640841
76.991706
73.626182
70.417858
75.424693
74.914304
71.324208
67.585800
62.017879
63.502399
65.952676
69.981617
65.016803
60.852949
57.797715
56.164605
47.247492
52.443497
52.538280
46.992032
38.401170
39.716608
46.292695
34.854630
38.376492
38.775118
33.389193
40.967035
54.028498
43.727680
34.777738
43.584390
39.291059
32.717199
38.208905
26.809146
33.761102
35.846233
44.900544
32.440215
41.801828
34.197259
29.777453
34.334444
38.641618
31.482460
37.738894
30.597025
30.136538
35.421716
30.709745
35.834779
30.871115
25.812545
28.012840
35.229719
29.494690
28.069195
28.696647
31.736592
28.619663
27.204952
31.607150
27.840850
30.987115
27.929165
29.290636
26.421448
30.143610
26.803590
28.288311
26.508229
28.489487
26.763045
28.617823
26.704740
26.751060
26.079677
26.084062
27.340541
25.067720
27.596650
25.343066
27.518505
25.502334
29.118282
25.707821
23.993808
27.380414
24.602857
25.097874
25.555476
26.251777
24.900080
27.170684
25.047792
24.408768
26.257041
24.811548
24.573710
24.186279
25.274764
24.148773
23.380878
25.073789
24.789066
22.851473
24.510876
24.193268
24.003965
25.127164
23.881205
24.089296
23.752124
24.840830
23.795549
23.060763
25.059158
23.663487
24.238021
23.596696
23.743517
23.395968
24.355624
23.496940
23.482382
23.495105
24.020156
23.218378
23.120397
23.389827
23.109677
24.019296
22.975018
22.976238
23.916599
22.902404
23.533781
23.055167
23.600181
22.977793
22.745592
23.338614
23.021404
23.397677
22.885757
22.861170
22.732053
23.313898
22.757973
23.327640
22.824190
22.904431
22.757592
22.852845
22.682483
23.007453
22.715207
23.071370
22.650990
22.884700
22.754694
22.647722
22.730516
22.851672
22.734743
22.663196
22.743235
22.509445
22.876187
22.731993
22.718520
22.723171
22.661133
22.743148
22.619615
22.760628
22.607960
22.562822
22.589727
22.745552
22.614711
22.628934
22.654740
22.554445
22.711297
22.590785
22.699176
22.596246
22.700456
22.585036
22.733445
22.571348
22.567102
22.697648
22.518177
22.534827
22.539537
22.654645
22.559449
22.675304
22.555682
22.540256
22.524258
22.548087
22.559981
22.541426
22.550546
22.556277
22.534439
22.551236
22.503777
22.558213
22.525236
22.536686
22.575831
22.510674
22.571080
22.523480
22.538480
22.500166
22.573534
22.501228
22.528130
22.502156
22.520702
22.535008
22.514215
22.537827
22.513311
22.520745
22.504117
22.680021
22.508325
22.516285
22.508811
22.516498
22.508109
22.513372
22.506648
22.509394
22.506498
22.504661
22.508699
22.505255
22.509618
22.504989
22.507215
22.504166
22.508026
22.503962
22.505924
22.503268
22.506179
22.503039
22.505445
22.500501
22.503995
22.504234
22.500759
22.504505
22.500518
22.504851
22.502420
22.505109
22.502252
22.504486
22.501941
22.504519
22.501766
22.503476
22.501420
22.503514
22.501290
22.502139
22.501359
22.502005
22.501228
22.501882
22.501111
22.501272
22.502086
22.500783
22.502181
22.500720
22.501165
22.501442
22.500757
22.501423
22.500138
22.501260
22.500731
22.501326
22.500682
22.500654
22.500841
22.500107
22.500969
22.500458
22.501043
22.500429
22.501161
22.500408
22.501213
22.500374
22.500577
22.500359
22.500648
22.500033
22.500687
22.500001
22.500220
22.500416
22.500076
22.500585
22.500239
22.500576
22.500215
22.500613
22.500199
22.500370
22.500137
22.500224
22.500042
22.500314
22.500125
22.500316
22.500114
22.500268
22.500094
22.500142
22.500026
22.500202
22.500080
22.500198
22.500072
22.500192
22.500063
22.500100
22.500063
22.500110
22.500058
22.500090
22.500050
22.500093
22.500006
22.500066
22.500010
22.500079
22.500038
22.500094
22.500037
22.500092
22.500033
22.500082
22.500028
22.500042
22.500027
22.500039
22.500024
22.500043
22.500023
22.500039
22.500020
22.500038
22.500004
22.500026
22.500041
22.500015
22.500026
22.500016
22.500032
22.500002
22.500021
22.500034
22.500013
22.500022
22.500004
22.500028
22.500012
22.500021
22.500010
22.500022
22.500009
22.500019
22.500008
22.500019
22.500007
22.500015
22.500006
22.500010
22.500006
22.500010
22.500006
22.500008
22.500002
22.500010
22.500004
22.500008
22.500003
22.500011
22.500003
22.500010
22.500003
22.500005
22.500003
22.500004
22.500001
22.500004
22.500002
22.500005
22.500000
22.500001
22.500003
22.500001
22.500006
22.500002
22.500006
22.500002
22.500003
22.500001
22.500004
22.500001
22.500005
22.500001
22.500001
22.500002
22.500001
22.500000
22.500001
22.500000
22.500002
22.500001
22.500000
22.500000
22.500001
22.500001
22.500000
22.500001
22.500001
22.500000
22.500001
