 DIM = 10
1 190072
12 111337
16 104395
19 101142
22 99186.2
55 98701.9
56 91673.7
69 84050.4
76 83606.6
78 67953.5
86 67013.9
89 66770.6
90 51707.2
135 44414.4
175 39696.4
227 35350
260 32355.9
303 27993.4
406 25666.7
434 22545.2
510 22427.6
526 19159.8
555 18112.8
644 17564.6
668 15944.6
919 15085.2
970 12161.7
1028 11321.2
1177 11086.8
1444 10608
1453 7242.67
1600 7082.73
1800 5840.94
1843 5742.62
1886 5455.58
2189 5207.59
2477 4701.56
2533 3181.83
2813 2755.5
2954 2035.42
3238 1850.62
3273 1820.44
3308 1534.27
3508 1502.42
3546 1399.73
3584 1349.14
3622 1309.72
3699 1290.38
3818 1284.49
3859 1171.73
3941 1127.84
4775 1018.2
4849 838.892
5289 794.597
5452 663.173
5940 631.907
6631 629.362
6764 626.884
7393 595.486
7577 474.556
8858 383.287
9617 356.696
9851 338.092
10090 335.831
10188 292.906
10687 279.67
10998 270.443
11103 269.041
11425 265.727
11589 259.754
11811 258.423
11980 247.236
12094 244.43
12209 227.525
14598 212.953
16940 178.023
17177 152.004
17497 137.957
18323 103.16
19631 92.3225
20646 79.8248
21908 79.1085
22618 66.7474
23349 66.7032
25218 61.2331
26985 59.3389
27724 59.0178
27849 58.1958
28739 56.7861
29789 53.5333
31433 49.9712
31857 49.1643
34519 48.8703
35138 43.4063
35768 35.8069
41393 28.7731
43640 25.8455
47439 23.4857
48489 22.4431
52689 22.2215
54087 20.5924
56494 17.765
59778 17.4916
62158 17.4832
62972 17.0871
64072 16.9142
64909 16.7118
65191 15.7448
67777 15.432
71073 13.952
77463 13.7476
93926 13.6626
95136 12.9066
96361 12.7538
98437 12.5874
105373 12.3405
111354 12.0833
119672 11.9397
123269 11.8824
125371 11.8278
129133 11.8085
132445 11.7631
134132 11.5247
136989 11.3849
155412 11.0169
156066 10.8843
156722 10.6042
160044 7.97492
171141 7.94943
173303 7.7085
176966 6.98579
180704 6.62152
187626 5.90903
193994 5.73624
195619 5.41371
203943 4.87598
221635 4.17803
240817 4.15098
242822 4.05717
252046 3.78941
262695 3.77361
267076 3.74616
271529 3.65563
285324 3.62861
288878 3.34742
322868 2.53639
336422 2.4693
360747 1.64559
418062 1.62377
430196 1.51054
435501 1.39466
449963 1.30305
472539 1.22314
480307 1.20667
502321 1.19758
