 DIM = 6
1 70.5625
4 66.9787
6 62.4399
9 51.3984
12 49.9824
14 47.5481
51 44.9374
52 40.8838
59 35.2173
63 32.8228
65 24.9449
67 22.6474
70 13.8569
72 3.55884
139 1.94895
181 1.38687
188 1.20679
190 0.856155
210 0.748071
222 0.554132
295 0.520793
309 0.384928
367 0.202535
417 0.155472
420 0.116169
460 0.081824
543 0.06424
559 0.061581
581 0.055309
585 0.034481
630 0.032088
659 0.031656
668 0.031293
688 0.03093
693 0.029577
703 0.026233
744 0.023798
770 0.023471
786 0.023347
792 0.023126
803 0.001113
926 0.000943
938 0.000885
1245 0.000844
1525 0.000842
1543 0.000841
1571 0.000838
1609 0.000836
1687 0.000834
1821 0.000833
1853 0.000831
1998 0.00082
2140 0.000815
2152 0.000811
2303 0.000802
2329 0.0008
2343 0.000796
2533 0.000783
2547 0.000772
2692 0.000769
3221 0.000756
3238 0.000753
3434 0.000739
3661 0.000728
3680 0.000723
3798 0.000718
3859 0.000711
3879 0.000698
3900 0.000685
4306 0.000681
4329 0.000673
4351 0.000657
5508 0.000648
5564 0.000623
5910 0.000617
6277 0.000613
6308 0.000606
7037 0.000605
7142 0.000601
7178 0.000598
7393 0.000597
7577 0.000596
7880 0.000594
8155 0.000585
8235 0.000583
8773 0.000582
9898 0.000581
10485 0.00058
10535 0.000579
10585 0.000578
10687 0.000572
11316 0.00057
11370 0.000567
11479 0.000564
12151 0.000562
13607 0.000557
13671 0.000556
13865 0.000551
13930 0.000547
16248 0.000545
16399 0.000541
16552 0.000538
16784 0.000525
17989 0.000522
20271 0.00052
20364 0.000519
20646 0.000513
21414 0.000511
21808 0.000507
21908 0.000506
23138 0.0005
24654 0.000487
24766 0.00048
28739 0.000476
28998 0.000468
29923 0.000462
30875 0.000461
31857 0.000459
32000 0.000458
32431 0.000453
32576 0.000449
34519 0.000445
38228 0.000438
