 DIM = 11
1 199.878
3 199.771
4 199.721
5 199.625
7 183.178
8 172.438
9 28.1948
19 28.1584
34 26.1193
82 26.0014
84 25.3122
103 25.1288
105 24.2384
114 22.3538
117 17.7554
208 15.2291
215 13.2983
300 13.2951
323 13.29
326 13.2806
348 13.2768
572 13.2424
649 13.142
723 13.142
837 11.5242
865 11.5194
957 11.5191
1104 11.346
1118 11.3082
1126 11.29
1238 10.5445
1301 10.5377
1383 10.5375
1571 10.3956
1619 10.3837
1758 10.3818
1832 10.3799
1941 10.3794
2045 10.3793
2278 8.71514
2316 8.70302
2369 8.7011
2463 8.70038
2721 8.55836
2828 8.55658
2922 8.55535
3186 8.42419
3204 8.41799
3344 8.40932
3362 8.40489
3471 8.39736
3490 8.25243
3680 8.25127
3699 8.24815
4045 8.10889
4066 7.9545
4218 7.95239
4559 7.67293
4582 7.4063
4654 7.40335
4678 7.39959
4702 7.39718
4874 7.39689
4975 7.39544
5397 7.33668
5452 5.40125
5764 5.40104
6730 4.34784
6764 4.34413
7037 4.34108
7213 4.34096
7842 3.55195
7880 3.43767
7997 2.97343
8036 2.53144
8195 2.51215
8235 2.09741
8356 1.99877
8438 1.99027
9031 1.92631
9570 1.84519
10042 1.82968
10286 1.8252
10385 1.82499
10687 1.81572
10790 1.80516
10998 1.80351
11316 1.8008
12383 1.7998
13543 1.79468
13671 1.79329
14462 1.79134
14598 1.78925
15655 1.78906
16248 1.7888
16324 1.78864
19631 1.78858
23138 1.7883
26503 1.78823
26864 1.78822
30600 1.78817
30738 1.78816
37225 1.78812
38568 1.7881
45802 1.78808
64072 1.78806
67194 1.78805
78131 1.78805
