 DIM = 12
1 2.05759e+07
14 5.16814e+06
15 37351.9
27 12051.5
42 5578.04
58 3953.55
59 2836.28
62 1480.54
124 1448.43
161 1112.09
188 522.288
225 163.981
267 137.899
338 89.8333
380 88.4725
445 31.1693
617 18.3911
698 8.11193
1126 4.4316
1453 4.29584
1821 3.99238
2227 3.80443
2290 3.76357
2343 3.66471
2369 3.34443
2382 3.22433
2396 3.09842
2409 2.72267
2533 2.46169
2547 2.14094
2633 1.98797
2648 1.79051
2736 1.71269
3002 1.67009
3035 1.58709
3118 1.57729
3186 1.575
3204 1.51872
3818 1.51276
3859 1.50096
4726 1.50057
4775 1.47918
4824 1.47613
4924 1.4605
5077 1.45625
5289 1.44529
5535 1.44029
5620 1.43688
5649 1.43215
5706 1.41421
6968 1.40345
7037 1.38497
7072 1.36778
7178 1.35797
7321 1.34865
7357 1.3459
7652 1.29781
7690 1.25782
8155 1.2521
8195 1.2282
8275 1.21389
8316 1.19766
8479 1.18595
8562 1.18291
8604 1.15198
8688 1.13882
8730 1.11091
8944 1.05751
8988 1.00093
9163 0.975017
9208 0.940338
9433 0.876123
9851 0.832396
10286 0.781438
10636 0.761966
10841 0.726219
12560 0.704326
14061 0.69729
14260 0.678836
15655 0.655795
17256 0.63609
19010 0.591708
21027 0.542345
21123 0.489163
21414 0.473685
22008 0.429629
22109 0.363232
25795 0.31247
26743 0.306749
26985 0.253366
27107 0.237481
30738 0.205281
33015 0.19095
41760 0.187512
42690 0.187428
43068 0.1749
48066 0.16938
52460 0.163085
53151 0.157493
55519 0.157077
57236 0.156608
63245 0.155979
64072 0.142141
75166 0.127253
75490 0.115349
80861 0.111554
81909 0.110056
82261 0.106526
84404 0.095649
84766 0.085511
88473 0.08048
88852 0.074411
91550 0.069485
93526 0.062817
96361 0.062535
100984 0.059044
101415 0.058784
102718 0.057566
105822 0.057037
113259 0.056103
115685 0.056022
116176 0.055977
118161 0.055575
118663 0.054923
135268 0.05446
139905 0.054302
141684 0.054241
168299 0.05419
170426 0.054125
172580 0.05395
174030 0.053845
176227 0.053812
178452 0.053582
211728 0.053556
215280 0.053534
217981 0.053459
237840 0.053346
274915 0.053316
280651 0.053308
285324 0.053285
293684 0.053199
296116 0.053073
297339 0.053063
309847 0.052995
311126 0.052982
312410 0.052981
318907 0.052948
325535 0.052846
328224 0.052709
329577 0.052636
347663 0.052524
349093 0.05242
360747 0.052376
366715 0.052323
372780 0.052232
378943 0.052227
382061 0.052216
386786 0.052171
389967 0.052128
391568 0.052038
512650 0.052029
529610 0.05202
538295 0.052002
549347 0.051998
553830 0.051989
567493 0.051973
583852 0.051943
605564 0.051941
608024 0.051926
617965 0.051921
620475 0.051911
628065 0.051901
630615 0.051885
633176 0.051869
635746 0.051828
646130 0.051814
648752 0.051799
651385 0.051781
654027 0.05171
681040 0.051675
686572 0.051644
689354 0.05161
692148 0.051592
694953 0.051539
712016 0.051501
714900 0.051474
720701 0.051416
723619 0.051371
729490 0.051347
732442 0.051196
756490 0.051167
759550 0.051086
765707 0.051016
768803 0.050771
794020 0.050747
797229 0.050666
806931 0.050583
810191 0.050541
813463 0.05048
816749 0.050467
888831 0.050434
971034 0.050395
974943 0.050282
998721 0.050281
1077835 0.050052
1082165 0.049957
1108507 0.049895
1126416 0.049786
1177146 0.049477
1270105 0.049161
1275192 0.048733
1295743 0.048627
1300931 0.048547
1337825 0.048406
1478176 0.048405
1495961 0.048078
1501936 0.047821
