 DIM = 8
1 26.75
2 24.14
4 19.18
10 18.43
45 18.319
59 18.1408
65 17.809
66 16.489
75 15.3408
135 14.659
147 14.3778
186 12.6504
199 11.9549
265 11.8992
275 11.7812
300 11.1456
373 11.0859
434 11.0785
445 10.6737
456 10.6672
479 10.6102
564 10.4684
577 10.2962
713 10.2088
744 10.1277
759 10.1179
803 10.0644
820 10.0523
842 9.98067
860 9.89462
865 9.86552
951 9.85901
963 9.83259
982 9.82411
1002 9.81475
1028 9.77684
1055 9.77548
1090 9.76824
1104 9.73577
1140 9.70683
1350 9.70323
1383 9.69926
1418 9.6919
1677 9.66575
1864 9.65359
2356 9.65011
2396 9.64766
2409 9.64673
2906 9.6443
3019 9.64077
3291 9.64042
3641 9.63322
3920 9.62808
4066 9.62726
4088 9.6265
4218 9.62482
4240 9.62373
4262 9.621
4329 9.61731
4351 9.61357
4442 9.6084
4465 9.60192
4559 9.59894
4582 9.59099
4654 9.58957
4678 9.58016
4726 9.5796
4800 9.57499
5052 9.57378
5235 9.57159
5649 9.57038
5793 9.56986
5910 9.56844
6730 9.56775
6831 9.56744
6865 9.56639
7540 9.5657
7577 9.56553
7652 9.56417
7690 9.56404
7919 9.56223
7958 9.56154
8155 9.56091
8195 9.5595
8356 9.55865
8397 9.55776
8604 9.55529
8646 9.55495
8688 9.55344
8773 9.55336
9119 9.5526
10485 9.55247
10636 9.55207
12267 9.55202
12442 9.55157
12679 9.55144
13735 9.55091
15224 9.55048
17256 9.55031
18923 9.55029
19812 9.55028
20086 9.55014
20364 9.55011
21414 9.5501
21709 9.55006
23349 9.55001
23776 9.54986
27352 9.54977
29789 9.54969
32576 9.54963
34519 9.54962
37891 9.54957
42316 9.54955
43640 9.54954
46004 9.54952
48489 9.54952
50658 9.54951
54798 9.5495
55278 9.5495
57736 9.5495
62699 9.5495
64909 9.5495
66042 9.54949
71688 9.54949
74843 9.54949
75815 9.54949
76142 9.54949
79144 9.54949
80861 9.54949
84043 9.54949
93128 9.54949
103596 9.54948
105373 9.54948
118663 9.54948
135839 9.54948
