 DIM = 11
1 0.026729
48 0.026388
59 0.024592
69 0.023507
73 0.022319
76 0.020373
84 0.020084
94 0.019844
97 0.019239
108 0.018604
121 0.018313
126 0.018102
133 0.017988
139 0.017916
149 0.017818
159 0.017768
165 0.01764
169 0.01755
175 0.017465
181 0.017262
190 0.01701
194 0.016949
213 0.016591
217 0.016562
225 0.01626
239 0.01572
254 0.015695
278 0.015007
281 0.014748
297 0.014541
318 0.014283
320 0.014079
338 0.013483
341 0.013431
357 0.012921
360 0.012826
383 0.012479
434 0.012053
603 0.011972
693 0.011935
803 0.011797
825 0.011691
963 0.011541
970 0.01145
989 0.011289
995 0.011003
1090 0.010932
1097 0.010918
1111 0.010738
1140 0.010478
1147 0.010264
1192 0.010078
1199 0.009732
1253 0.009623
1293 0.009224
1301 0.009159
1358 0.008965
1367 0.008928
1375 0.008903
1392 0.008742
1453 0.008454
1571 0.008267
1581 0.008262
1677 0.008087
1717 0.007955
1853 0.007945
1975 0.007846
2021 0.00779
2045 0.007737
2092 0.007729
2177 0.007703
2189 0.007684
2227 0.007617
2239 0.007572
2329 0.007557
2369 0.007507
2396 0.007476
2477 0.007466
2505 0.007449
2533 0.007399
2575 0.007347
2590 0.007344
2707 0.007338
2736 0.007296
2859 0.007295
2890 0.007292
2938 0.007246
3453 0.007205
3798 0.007188
4045 0.007183
4284 0.007164
4306 0.007163
4329 0.007161
4512 0.007153
4582 0.007141
4606 0.007138
4654 0.007123
4678 0.007115
4775 0.007111
4849 0.007108
4899 0.007102
4949 0.007094
5026 0.007066
5052 0.007062
5208 0.007047
5262 0.007041
5452 0.00702
5764 0.007015
6153 0.006955
7321 0.006889
7997 0.006763
8036 0.006687
8076 0.006674
8195 0.006557
8944 0.006468
9946 0.00642
10188 0.006401
10237 0.006174
10286 0.006147
10535 0.006099
12442 0.005799
13417 0.005779
14873 0.00531
17336 0.005272
17417 0.004964
19274 0.00488
19721 0.004836
20458 0.004815
20835 0.004732
21027 0.004712
21512 0.004651
22209 0.004638
23138 0.004624
23669 0.004554
23993 0.004543
24212 0.004534
24991 0.004532
25563 0.004501
26864 0.004484
27107 0.004469
27352 0.004451
27849 0.004433
27974 0.00443
28868 0.0044
28998 0.00438
29923 0.004372
30057 0.004359
33162 0.004312
35768 0.004068
38568 0.003968
39257 0.003962
44026 0.003961
44415 0.003948
44807 0.003935
45005 0.003926
46614 0.00391
47024 0.003899
47439 0.003872
49346 0.003841
54087 0.003819
58240 0.003816
59005 0.003805
68071 0.003747
68365 0.003733
73883 0.003721
80170 0.003707
82261 0.003645
83326 0.003594
90384 0.003586
105373 0.003477
107635 0.003458
108094 0.003442
131332 0.003439
144696 0.003417
167596 0.003395
182220 0.003391
186066 0.003381
186844 0.003361
189990 0.003347
193187 0.003324
217981 0.003323
234899 0.003321
237840 0.00332
240817 0.003296
260531 0.003293
264877 0.003246
286504 0.003157
341997 0.003154
366715 0.003149
372780 0.003138
375849 0.003135
448130 0.003133
453651 0.003118
461116 0.003114
468701 0.003112
476408 0.003109
482269 0.003099
492195 0.003095
504370 0.003088
506428 0.003084
516839 0.003083
544900 0.003078
553830 0.003076
567493 0.003071
588610 0.003068
591003 0.003067
598240 0.003066
608024 0.003062
625525 0.003061
628065 0.003058
635746 0.003057
643519 0.003053
646130 0.003051
654027 0.003048
670106 0.003047
675551 0.003043
683800 0.00304
800450 0.002937
806931 0.002932
813463 0.002912
871122 0.002852
878164 0.002841
910547 0.00284
