 DIM = 12
1 3.9872e+09
14 1.05688e+09
28 8.77104e+08
42 8.72953e+08
44 7.96748e+08
47 7.86397e+08
53 6.47161e+08
62 4.83922e+08
65 3.45741e+08
67 2.7831e+08
70 1.62112e+08
97 1.29222e+08
159 1.27812e+08
163 1.2438e+07
201 2.12059e+06
206 1.90423e+06
247 1.64611e+06
370 1.3343e+06
424 1.26473e+06
486 367748
551 358867
617 6989.49
708 4935.52
1155 4825.26
1169 4578.44
1309 8.70896
1758 4.19338
2343 1.16807
2369 0.9422
2633 0.239323
2906 0.073851
2938 0.030111
2970 0.017412
3002 0.002721
4726 0.002575
4824 0.001698
4874 0.001664
4975 0.001402
5564 0.001347
5620 0.001195
5677 0.001171
5735 0.001082
5793 0.001058
5851 0.000996
5910 0.000922
5970 0.000692
6730 0.000688
6831 0.000616
7072 0.000606
7213 0.000596
7285 0.000588
7430 0.000561
7577 0.000549
8356 0.000508
8438 0.000504
8562 0.000492
8646 0.00049
8730 0.000485
8815 0.000471
9851 0.000458
10042 0.000456
10188 0.000443
10385 0.000436
11699 0.000414
12800 0.000411
12860 0.000395
14194 0.000316
15366 3.4e-05
16629 2e-06
16784 0
