 DIM = 12
1 1.13405e+07
14 1.00648e+07
15 6.21025e+06
21 5.58874e+06
22 4.74882e+06
24 4.70321e+06
36 4.6881e+06
44 4.16282e+06
72 4.00416e+06
75 3.8125e+06
92 3.76727e+06
97 3.1638e+06
132 3.13647e+06
135 2.92869e+06
192 2.6754e+06
199 2.46564e+06
260 2.40465e+06
262 1.97828e+06
300 1.91551e+06
312 1.7874e+06
318 1.78118e+06
354 1.72498e+06
393 1.65523e+06
424 1.55387e+06
522 1.45845e+06
534 1.43451e+06
543 1.36039e+06
551 1.29963e+06
617 1.29749e+06
640 1.28441e+06
654 1.26914e+06
792 1.23329e+06
976 1.20683e+06
1009 1.2048e+06
1090 1.06066e+06
1277 1.04159e+06
1309 1.0317e+06
1317 983342
1367 959929
1461 829652
1628 785271
1738 724008
1998 668178
2104 499888
2843 499410
3169 485364
3204 449699
3546 326011
4196 268843
5182 238288
5592 235776
6308 231105
6631 220558
6865 206764
7249 202712
7652 198388
7880 184447
7919 142931
9524 139715
9663 114540
10945 114484
11370 112924
11589 100629
11755 83010.6
12442 80774.6
13865 76769.3
14127 74174.8
14598 65863.7
14942 64987.8
16248 62522.7
16862 58501.6
19274 55680.8
19631 44127.4
22311 37038.8
25105 33488.1
30464 27981.1
30875 25016.7
31574 24915.5
34365 22216.5
35610 18332.4
41030 17193.1
43258 13571.7
48489 12583.3
50217 10956.3
54323 8846.3
65757 7949.66
71073 7163.2
72934 6163.68
75815 5573.51
90772 5280.14
92731 4694.85
100128 3994.19
101848 3692.34
103596 3392.35
107179 3330.78
112780 3033.37
114224 2949.14
119672 2650.32
125371 2634.83
126435 2633.26
130779 2609.69
131887 2518.07
136413 2468.15
138148 2334.67
145919 2172.47
172580 2098.36
173303 2056.89
179950 1889.67
186066 1767.52
199739 1723.04
219801 1620.48
237840 1516.65
244843 1367.33
265974 1124.82
316292 1047.68
325535 974.4
332298 940.07
362230 807.052
377393 707.544
385205 435.715
428442 425.951
476408 350.417
502321 340.115
514740 268.52
572121 234.181
591003 217.775
622995 201.742
628065 181.702
633176 166.95
678290 145.141
765707 143.691
771912 134.163
775033 119.715
784470 84.9556
903251 72.2171
1027182 54.6807
1254962 53.106
1265038 52.7566
1270105 52.6921
1397888 46.9083
1426058 37.9549
1454785 34.3464
1581780 32.6977
1613588 32.0806
1639486 29.9147
