 DIM = 8
1 0.346953
44 0.254815
45 0.229675
52 0.220263
66 0.218703
76 0.200141
86 0.199893
94 0.197012
157 0.196488
171 0.190209
217 0.186889
242 0.183674
247 0.177167
275 0.17505
438 0.174878
442 0.174198
452 0.17419
475 0.174117
490 0.174026
498 0.17357
534 0.172459
564 0.171922
599 0.171882
644 0.171046
649 0.170903
792 0.170876
877 0.170866
889 0.170856
1140 0.17063
1184 0.169761
1238 0.169679
1253 0.169545
1261 0.169447
1426 0.168785
1821 0.168617
1832 0.168509
1987 0.168474
2648 0.168469
3186 0.168461
3308 0.168453
3362 0.16843
3527 0.168425
3546 0.168407
3680 0.16839
3699 0.168378
3778 0.168351
3920 0.168321
3941 0.168302
4088 0.168299
4174 0.168256
4196 0.168211
4374 0.168172
4397 0.168121
4559 0.16812
4582 0.168089
4606 0.168085
4630 0.168068
4654 0.168038
4678 0.16801
4849 0.168001
4874 0.167994
4949 0.167978
5026 0.167952
5052 0.167911
5343 0.167807
5370 0.167678
6030 0.167303
6565 0.167256
6797 0.167244
7002 0.167217
7107 0.167154
7357 0.167132
7393 0.167039
7958 0.16703
7997 0.166872
8773 0.166852
8901 0.166849
9252 0.166824
9387 0.166812
9710 0.166747
9756 0.166714
10042 0.166711
10090 0.166708
10139 0.166703
10385 0.166613
10435 0.166538
10636 0.166513
10687 0.166427
10893 0.166402
10945 0.166309
10998 0.166301
11050 0.166208
11103 0.16618
11156 0.165993
11316 0.165911
11370 0.165667
11699 0.165645
13229 0.165607
17098 0.165602
17578 0.165598
17660 0.165559
18664 0.165551
19098 0.165541
21709 0.165527
23993 0.165525
26265 0.165517
26383 0.165515
29128 0.165514
31433 0.165513
32143 0.165505
34982 0.165501
35610 0.165499
37891 0.165492
41030 0.165491
43258 0.16549
45802 0.165489
53384 0.165487
57236 0.165486
57486 0.165485
67485 0.165484
74201 0.165483
82969 0.165482
