 DIM = 5
1 16.1588
5 12.5
6 8.36331
8 8.33292
11 1.62804
30 1.22956
35 1.21825
36 1.18693
38 1.10797
39 1.00442
40 0.962581
42 0.960836
43 0.960714
60 0.114198
87 0.106556
147 0.08999
179 0.061522
242 0.042789
265 0.038377
275 0.037811
281 0.0351
286 0.033718
318 0.033555
323 0.033166
335 0.032702
354 0.032243
383 0.032233
400 0.031997
456 0.031812
464 0.029814
514 0.028287
518 0.027913
621 0.027609
654 0.027401
663 0.02689
668 0.026805
678 0.026502
698 0.026463
723 0.026028
728 0.025783
738 0.025562
744 0.025295
770 0.025004
775 0.024872
781 0.024689
831 0.024605
883 0.024564
926 0.02456
944 0.024529
951 0.024524
976 0.024512
1002 0.024507
1222 0.024505
1444 0.024503
1461 0.024499
1515 0.024498
1930 0.024495
