 DIM = 11
1 0.02674
48 0.026078
59 0.024587
70 0.022841
73 0.022458
76 0.020394
81 0.01988
107 0.019643
108 0.019454
112 0.019243
122 0.018313
128 0.017929
135 0.01744
145 0.017295
165 0.016928
181 0.016835
184 0.015762
220 0.015345
222 0.015167
232 0.014985
244 0.014886
249 0.014721
254 0.014401
273 0.014267
278 0.01356
281 0.013355
297 0.013315
312 0.013289
320 0.01301
326 0.012826
332 0.012776
338 0.012589
351 0.01181
354 0.011287
445 0.011131
617 0.011074
635 0.010913
678 0.010699
713 0.010633
718 0.010559
723 0.010526
728 0.01051
770 0.010439
797 0.010382
803 0.010183
848 0.009985
871 0.009948
901 0.009897
913 0.009755
938 0.009651
944 0.009627
951 0.009491
995 0.009397
1002 0.009282
1028 0.009202
1035 0.009009
1069 0.008981
1097 0.008901
1111 0.008773
1192 0.008698
1207 0.008637
1253 0.008602
1301 0.008494
1358 0.008463
1367 0.008456
1470 0.008343
1609 0.008294
1953 0.008232
1998 0.008217
2227 0.008155
3002 0.008121
3019 0.008112
3169 0.00811
3186 0.008109
3221 0.008103
3308 0.008099
3344 0.008096
3380 0.008086
3434 0.008085
3471 0.008084
3546 0.008076
3739 0.008075
3778 0.008055
3961 0.008049
4949 0.008043
5130 0.008035
5620 0.007997
5735 0.007979
5822 0.007967
5940 0.007927
5970 0.007914
6000 0.00789
7142 0.007869
7503 0.007855
7652 0.007849
7690 0.00782
8076 0.007784
8115 0.007707
8438 0.007698
8520 0.007682
8646 0.007597
8688 0.007588
8773 0.0075
8815 0.007375
9208 0.007371
9342 0.007343
9994 0.007335
10237 0.007322
10286 0.007235
11156 0.007216
11370 0.00719
11589 0.007158
11644 0.007154
11755 0.007107
11811 0.007098
12209 0.00705
12267 0.007019
12679 0.007007
12921 0.006993
13166 0.006958
13417 0.006927
13480 0.006901
13800 0.006896
13865 0.006847
14260 0.006815
14529 0.006749
14598 0.006744
15875 0.006737
16173 0.006695
16248 0.006587
17578 0.006568
19541 0.006525
21219 0.006437
23243 0.006383
23669 0.00638
23993 0.006195
24102 0.006164
27475 0.006163
29391 0.00616
31433 0.006156
32000 0.006099
32722 0.006074
37891 0.006022
41393 0.005844
44807 0.00582
46004 0.005698
46206 0.00565
49780 0.005619
49998 0.005616
50437 0.0056
51103 0.005528
51327 0.005459
52920 0.005449
54323 0.005415
58494 0.005399
61090 0.005385
61622 0.005379
65474 0.005364
71998 0.005356
78805 0.005336
80515 0.005328
86600 0.005117
97601 0.005104
99703 0.005099
100128 0.005085
101415 0.005039
101848 0.005031
106725 0.005023
112780 0.005002
119166 0.004995
125902 0.004991
126970 0.004988
131332 0.004982
131887 0.00498
136989 0.004978
138148 0.004977
142881 0.004976
144089 0.004971
148394 0.004966
149019 0.004962
154112 0.004959
154761 0.004953
159374 0.004949
160044 0.004945
166197 0.004938
166895 0.004933
169714 0.00493
170426 0.004928
171141 0.004927
171859 0.004925
174759 0.00492
177707 0.004918
182983 0.004917
184518 0.004914
191582 0.004831
205648 0.004724
221635 0.004654
223485 0.004647
240817 0.004591
242822 0.004585
247905 0.004583
257317 0.004518
258384 0.0045
264877 0.004498
271529 0.004455
272653 0.004437
274915 0.004426
276053 0.004419
278343 0.004405
284148 0.004374
288878 0.004357
291271 0.004321
294897 0.00429
328224 0.004274
333667 0.004257
357798 0.004187
359270 0.00418
360747 0.004157
362230 0.004156
378943 0.004134
421494 0.004133
424954 0.004123
440870 0.004114
451803 0.004101
453651 0.004093
480307 0.004077
549347 0.004061
595818 0.004056
610495 0.00404
651385 0.004019
659345 0.003981
670106 0.003967
678290 0.003856
778166 0.003847
836737 0.003767
