 DIM = 9
1 22.4125
3 21.0486
4 20.4892
20 18.9688
21 18.8657
24 18.7722
27 18.5255
28 18.4289
32 17.0319
33 15.1062
42 15.0164
43 13.8843
47 12.8435
48 10.79
51 10.6972
52 10.4413
56 8.34568
58 6.89537
69 6.82198
79 5.87595
102 5.33169
121 5.30556
128 5.13311
135 4.23572
157 4.21991
165 4.00803
186 3.8129
281 3.77552
289 3.19508
306 3.18103
329 3.08126
389 3.02719
400 2.71094
417 2.18254
431 2.07981
568 1.94415
603 1.82272
713 1.67303
738 1.62923
759 1.37948
797 1.24552
803 1.07355
842 1.07312
883 0.928614
889 0.882845
907 0.8593
976 0.764159
982 0.615016
989 0.603921
1097 0.586589
1111 0.575779
1147 0.553142
1277 0.53324
1317 0.526217
1333 0.524211
1383 0.51978
1418 0.499464
1479 0.487717
1687 0.473151
1697 0.468706
2056 0.468537
2278 0.456089
2721 0.447112
2736 0.441951
2843 0.427596
2859 0.406803
2906 0.406012
2922 0.38413
3019 0.379159
3035 0.372256
3052 0.358981
3068 0.335788
3204 0.334204
3308 0.308088
3326 0.305132
3527 0.276581
3546 0.266597
3680 0.255836
3839 0.245146
5103 0.244549
5235 0.242211
5315 0.241581
5424 0.240588
5508 0.240197
5564 0.236883
5592 0.235031
6030 0.233803
6061 0.233252
6122 0.232286
6153 0.230896
6277 0.230705
6340 0.227885
6468 0.227741
6631 0.227163
6764 0.224998
6797 0.224422
7037 0.224372
7072 0.223355
7142 0.222675
7178 0.221265
7213 0.220625
7249 0.217973
7321 0.21686
7357 0.213104
7430 0.212335
7466 0.210941
7503 0.208695
7540 0.202901
7690 0.200377
7727 0.199968
7765 0.192169
7804 0.190561
7842 0.187967
7880 0.181332
7919 0.180082
7958 0.168545
8076 0.167996
8115 0.158822
8195 0.157063
8235 0.152804
8688 0.148404
8815 0.148388
9031 0.141231
9208 0.133628
9710 0.126631
10636 0.123659
10790 0.123576
10998 0.12266
11370 0.122104
11589 0.119126
11644 0.119106
11923 0.118934
12037 0.118815
12383 0.118115
14194 0.116909
15295 0.116518
15582 0.114514
15655 0.113629
15728 0.112335
17019 0.109483
17098 0.10851
23885 0.108134
24766 0.108115
28100 0.107768
28227 0.107436
34365 0.107348
38398 0.107269
38739 0.107232
39083 0.107196
39957 0.107065
41030 0.107023
41944 0.106925
44220 0.106851
45005 0.106795
45203 0.106762
48277 0.10671
52004 0.106618
60825 0.106593
65757 0.106567
66904 0.106532
69857 0.10653
79827 0.106521
81909 0.106507
107179 0.1065
112302 0.106499
132445 0.106496
156066 0.106494
184518 0.106493
221635 0.106492
246880 0.106491
247905 0.10649
