 DIM = 12
1 1808
14 944.201
15 163.712
52 156.232
55 105.065
73 74.754
143 70.454
190 66.9199
199 66.7585
208 64.901
213 63.5736
217 62.1612
234 60.7926
252 60.1445
260 54.047
284 53.0807
323 52.0511
338 49.1815
396 47.5298
486 46.5759
490 45.4127
502 45.0687
534 44.8566
547 43.7487
555 41.4876
599 40.9241
621 40.91
663 40.3492
693 34.9545
698 31.8782
808 29.9815
919 29.3671
1261 29.1525
1285 28.969
1301 28.0193
1309 28.0026
1444 27.8868
1525 27.8044
1619 27.714
1667 27.1862
1677 26.7741
1987 26.7223
2316 26.5782
2590 26.5509
2648 26.5413
2736 26.541
2782 26.4969
2828 26.4636
3102 26.435
3490 26.4013
3900 26.3859
3982 26.3779
4109 26.37
4975 26.3621
5077 26.3544
5208 26.3503
5262 26.3368
5397 26.3226
5793 26.3151
6403 26.3103
6968 26.2775
8115 26.277
8155 26.2766
8730 26.2759
8901 26.2756
8988 26.275
9075 26.2745
9297 26.2739
9946 26.2738
10335 26.2735
10738 26.2734
11156 26.2733
12094 26.2729
13166 26.2728
13291 26.2728
13417 26.2728
14394 26.2728
16784 26.2728
