 DIM = 12
1 1808.85
14 945.12
15 163.854
28 144.079
32 134.592
38 108.352
94 97.2661
100 78.8793
102 72.8059
107 70.8154
115 61.9067
126 58.0498
161 57.4946
173 54.8859
188 54.1981
206 53.6437
210 52.2133
215 51.6224
234 50.0424
284 48.0463
292 45.7715
306 43.812
389 43.3362
434 42.4192
442 40.9943
460 40.0072
486 38.5135
590 37.4509
621 35.5901
644 35.2379
749 34.9412
765 34.5355
775 34.293
786 33.6895
944 32.6133
1090 31.851
1118 31.305
1184 30.1674
1245 29.6468
1269 29.5465
1453 27.8105
1779 27.4726
2033 27.4518
2152 27.3679
2290 27.2847
2590 26.8101
2890 26.7284
3035 26.6984
3135 26.6678
3204 26.6558
3546 26.6451
3719 26.4677
4351 26.4572
4419 26.3735
4702 26.3459
4949 26.3377
5970 26.3192
6797 26.3191
6933 26.3106
8730 26.2864
9297 26.2857
9570 26.2835
10090 26.2834
10286 26.2735
13354 26.2631
13800 26.2624
18239 26.262
18578 26.2598
18923 26.2597
21414 26.2586
22109 26.2581
30875 26.258
32143 26.2576
32722 26.2575
33162 26.2571
34827 26.2554
37891 26.2552
38059 26.255
40490 26.2537
48066 26.2536
56988 26.2534
61889 26.2531
62699 26.253
63520 26.2528
69857 26.2527
70767 26.2521
71073 26.2519
77130 26.2517
77463 26.2515
84404 26.2514
86231 26.2507
103596 26.2506
106272 26.2506
109016 26.2505
112302 26.2505
115196 26.2504
119672 26.2503
120179 26.2502
121201 26.2502
121714 26.2501
127508 26.25
128047 26.2498
129133 26.2498
129680 26.2496
133005 26.2496
133567 26.2495
134698 26.2495
135268 26.2493
138731 26.2493
139317 26.2492
139905 26.2491
140495 26.2491
142281 26.249
144696 26.249
146534 26.249
148394 26.2489
165502 26.2489
187626 26.2489
190784 26.2489
193187 26.2489
194805 26.2489
196436 26.2489
203095 26.2489
204794 26.2489
217981 26.2489
225349 26.2489
253092 26.2487
265974 26.2486
274915 26.2486
276053 26.2485
320222 26.2485
340595 26.2484
366715 26.2483
418062 26.2483
455506 26.2483
461116 26.2481
463001 26.2481
562903 26.2481
574449 26.2481
593406 26.2481
598240 26.2481
620475 26.248
630615 26.248
640918 26.248
654027 26.248
656681 26.248
681040 26.2479
683800 26.2479
717795 26.2479
781312 26.2478
910547 26.2478
929041 26.2478
1018970 26.2478
1130938 26.2478
1135478 26.2478
1359367 26.2478
1364805 26.2478
1414723 26.2478
1460598 26.2478
1526072 26.2478
1550589 26.2478
1594428 26.2478
1632973 26.2478
