 DIM = 6
1 0.329089
23 0.307203
29 0.260975
52 0.258194
53 0.199148
56 0.176692
58 0.171753
59 0.112516
94 0.108212
102 0.107674
105 0.101734
114 0.09563
135 0.084207
167 0.083541
181 0.073932
188 0.072544
213 0.069728
217 0.067119
257 0.066484
267 0.065273
270 0.064693
278 0.06378
297 0.063642
434 0.063431
460 0.062986
475 0.062441
490 0.062132
572 0.062037
617 0.061744
781 0.061585
883 0.061539
889 0.061472
913 0.061451
919 0.0614
926 0.061353
932 0.061333
957 0.061237
963 0.061172
982 0.061135
989 0.061074
1009 0.060998
1015 0.060813
1035 0.060805
1042 0.060581
1055 0.060561
1062 0.060299
1069 0.060291
1076 0.059882
1097 0.059742
1104 0.05936
1118 0.059124
1126 0.058597
1147 0.058276
1155 0.057648
1177 0.057417
1184 0.056902
1214 0.056696
1222 0.056241
1261 0.055992
1269 0.055337
1277 0.055207
1285 0.054087
1342 0.053429
1350 0.053256
1383 0.052612
1392 0.052319
1444 0.052218
1470 0.051712
1479 0.051531
1488 0.051421
1543 0.050999
1552 0.050698
1619 0.050302
1779 0.049889
1790 0.049611
1908 0.049529
1919 0.049218
1941 0.049211
1953 0.049036
1975 0.048657
1987 0.048608
1998 0.048491
2068 0.048346
2104 0.048108
2214 0.047837
2227 0.047795
2491 0.047725
2561 0.047555
2752 0.047493
2797 0.047433
3002 0.047278
3019 0.047159
3035 0.047002
3256 0.046943
3273 0.046879
3778 0.046677
4045 0.046194
4218 0.045654
4535 0.045586
4559 0.045298
4606 0.04507
4702 0.044999
4726 0.0446
4800 0.044483
4849 0.044342
5130 0.044154
5235 0.043917
6730 0.043901
7107 0.043893
7285 0.043807
7503 0.043776
9208 0.043771
9252 0.043759
9342 0.043749
12037 0.043745
12267 0.043744
12383 0.04374
14666 0.043739
14735 0.043736
17417 0.043735
17741 0.043734
21610 0.043733
