 DIM = 7
1 0.033788
33 0.029391
36 0.021589
51 0.015795
66 0.012744
72 0.00954
86 0.00866
97 0.006527
100 0.005611
102 0.005539
119 0.004616
122 0.003784
137 0.003397
147 0.003292
161 0.002652
169 0.002609
177 0.002249
192 0.002213
239 0.002173
249 0.002123
318 0.002092
329 0.002027
367 0.00201
373 0.001962
376 0.001956
431 0.001759
438 0.001642
445 0.001618
514 0.001016
522 0.000851
572 0.0008
590 0.000768
678 0.000763
693 0.000751
703 0.000722
738 0.000704
749 0.000551
831 0.000466
837 0.000418
944 0.000377
970 0.00034
976 0.000335
1009 0.000293
1042 0.000243
1049 0.000208
1199 0.000189
1238 8.9e-05
1470 6.7e-05
1571 5.3e-05
1748 1.3e-05
2033 8e-06
2290 1e-06
2604 0
