 DIM = 2
1 6.6
7 5.8
9 5.191
11 2.186
23 2.104
27 2.05
28 2.046
52 2.03475
55 2.0127
56 1.99806
75 1.98114
86 1.96114
98 1.95883
102 1.93883
103 1.9257
108 1.89725
115 1.89327
117 1.88624
119 1.86162
121 1.84028
124 1.83074
126 1.82144
132 1.81399
137 1.79106
139 1.77525
141 1.75453
149 1.75016
151 1.74928
153 1.70619
159 1.67795
173 1.66981
175 1.66833
177 1.65181
184 1.63492
194 1.62727
197 1.61343
206 1.60751
208 1.59949
210 1.58141
217 1.55978
229 1.54856
232 1.5378
242 1.53566
247 1.51838
254 1.5102
265 1.50299
267 1.49657
270 1.4879
275 1.487
281 1.46276
284 1.45458
289 1.4387
292 1.42162
306 1.39819
320 1.38145
323 1.3659
335 1.34469
338 1.33993
348 1.31884
354 1.29669
357 1.29103
373 1.28856
376 1.27284
393 1.2643
396 1.25701
403 1.2408
406 1.23616
420 1.23417
427 1.22669
434 1.22463
442 1.21722
449 1.2151
460 1.2078
467 1.19954
479 1.19722
483 1.19155
486 1.18438
490 1.17445
498 1.15506
502 1.13914
518 1.12452
522 1.11833
526 1.10848
543 1.09932
555 1.09583
559 1.08613
572 1.08463
577 1.07088
594 1.06732
599 1.0646
603 1.06026
608 1.05759
626 1.04927
630 1.04209
640 1.03289
644 1.02245
663 1.00183
668 0.996424
683 0.98541
688 0.965017
708 0.954734
713 0.938522
723 0.901104
728 0.900062
744 0.856606
749 0.83629
775 0.812406
803 0.799852
808 0.783192
825 0.762136
831 0.751128
854 0.736664
883 0.724322
889 0.717287
907 0.702798
913 0.699623
932 0.690863
938 0.669796
944 0.64664
951 0.645249
970 0.6319
989 0.628062
995 0.615344
1022 0.609185
1028 0.604941
1035 0.59189
1042 0.587567
1049 0.581202
1062 0.578438
1076 0.565305
1090 0.561467
1104 0.557248
1118 0.536656
1140 0.504004
1184 0.494752
1230 0.494062
1238 0.486821
1245 0.480459
1253 0.456099
1325 0.376919
1342 0.374841
1461 0.356679
1479 0.304439
1525 0.303081
1534 0.276319
1562 0.259201
1571 0.240261
1658 0.223959
1738 0.168981
1843 0.149801
1864 0.125101
1897 0.098999
