 DIM = 8
1 264839
3 233026
4 139544
7 123610
8 21181.6
15 13679.4
36 12684.4
52 12304
70 9385.5
72 9000.16
119 6707.06
137 4172.96
165 4113.5
179 3562.89
188 2187.11
213 2110.98
215 1904.37
315 1853.08
338 1605.02
445 1564.23
460 1530.6
585 1476.72
765 1426.25
808 1282.95
963 1217.39
1285 1170.92
1497 1131.7
1897 1124.15
1930 1112.37
1941 1106.84
2056 1094.56
2265 1094.43
2303 1079.94
2491 1071.45
2938 1070.66
2986 1053.11
3085 1051.37
3152 1042.16
3204 985.517
4419 980.066
4559 951.775
4582 947.671
4800 945.226
4824 941.313
4949 922.421
4975 912.94
5000 911.8
5026 893.428
5262 886.059
5480 865.262
5535 858.116
5564 843.679
5881 830.507
5910 825.532
6000 820.586
6030 810.698
6246 800.283
6565 796.942
6598 789.762
6968 777.059
7249 770.913
7285 764.86
7577 756.773
7614 752.741
7958 747.7
7997 727.938
8356 721.863
9663 697.892
10188 685.566
12267 650.695
15801 649.479
15949 649.173
16173 646.248
16324 645.141
16476 641.986
17578 641.878
17906 640.348
18578 638.665
18750 638.632
21123 638.586
23033 637.969
24212 637.939
24432 637.898
24879 637.776
25447 637.606
25911 637.575
26265 637.448
27724 637.398
29923 637.374
30192 637.36
30738 637.305
31153 637.294
31857 637.223
35610 637.202
35927 637.126
36087 636.877
36248 636.024
36409 633.712
36571 619.889
36734 608.332
40134 577.407
41211 539.989
55278 535.714
55519 523.761
55761 475.925
57736 434.467
63245 401.01
76142 398.644
78468 395.84
80861 392.319
81558 392.118
82261 388.377
83684 387.365
84404 387.079
85495 383.99
86231 383.624
86972 380.94
89615 378.951
97601 378.691
98437 376.139
100128 375.37
105373 375.087
106272 374.589
108094 374.498
115196 373.376
134698 373.222
135839 373.127
138148 372.925
140495 372.871
142881 372.775
145306 372.638
