 DIM = 4
1 1.6154e+06
5 850999
6 58024
10 22016
22 21755
30 17070
34 15311
38 14112
40 13917
42 11519
44 9221
58 9160
59 7605
67 6122
69 4841
76 2090
92 1764
94 911
95 742
103 527
128 335
147 320
208 282.042
232 195.134
237 175.152
239 142.671
244 70.4013
257 40.9219
329 31.1219
380 22.7023
383 17.3023
389 14.1425
442 2.87635
555 0.717013
621 0.654258
640 0.262975
649 0.248361
654 0.051
659 0.040926
688 0.031567
708 0.024615
718 0.018343
738 0.013153
765 0.008169
775 0.005577
842 0.002609
860 0.001028
963 0.00095
989 4e-06
1104 1e-06
1238 0
