 DIM = 6
1 2.32337e+06
5 2.1826e+06
6 1.85399e+06
7 1.31402e+06
9 570027
11 487885
12 377080
15 303385
18 153121
19 29865.9
24 3642.26
52 1275.82
55 813.533
65 422.204
108 409.444
135 401.026
145 387.507
217 373.266
232 363.111
239 275.459
242 186.217
323 90.2139
380 83.4644
471 73.4342
479 53.4814
568 42.846
659 40.6586
718 39.6565
786 20.9748
877 17.1033
919 16.9511
938 14.6204
989 14.3159
1009 14.2016
1022 13.6127
1042 13.5815
1083 12.7319
1090 12.557
1162 12.5468
1177 12.4379
1184 12.3012
1207 12.0073
1253 10.0256
1277 9.98796
1375 9.84396
1581 4.93198
1677 4.85362
1853 4.65953
1875 2.66074
1930 2.22428
1953 1.73619
2189 1.73514
2265 1.70878
2290 1.66116
2316 1.65559
2519 1.63567
2875 1.6117
2906 1.60824
2986 1.60552
3002 1.58818
3085 1.5662
3102 1.56371
3221 1.55898
3256 1.54551
3273 1.53523
3344 1.52378
3362 1.50248
3434 1.49499
3453 1.48936
3471 1.48656
3508 1.46053
3546 1.44883
3565 1.42812
3661 1.39314
3699 1.37614
3719 1.37491
3798 1.35131
3839 1.2854
3859 1.22933
4003 1.22778
4045 1.19074
4088 1.15967
4131 1.09989
4152 1.03875
4262 1.03457
4306 0.977005
4329 0.96283
4351 0.913371
4374 0.894924
4397 0.886918
4442 0.832518
4465 0.810764
4489 0.783332
4535 0.661156
4559 0.560553
4654 0.533548
4800 0.527637
4949 0.454066
5208 0.431989
5289 0.404287
5315 0.397412
5343 0.396623
5452 0.361651
5480 0.355397
5508 0.319331
5535 0.278414
5677 0.237066
5706 0.231624
5793 0.226952
5940 0.16898
6214 0.157674
6277 0.151353
6403 0.13325
6435 0.126618
6598 0.114015
6631 0.107405
7002 0.102032
7037 0.099548
7430 0.097943
7690 0.095673
7727 0.095599
7880 0.094655
8036 0.094618
8275 0.094394
8356 0.094227
8901 0.093671
9163 0.091602
9756 0.091084
11370 0.090076
11644 0.089529
13105 0.088599
13865 0.083901
13995 0.083828
14194 0.080331
14260 0.077051
14327 0.075554
17019 0.074006
17336 0.07381
18408 0.072385
19452 0.072268
21219 0.072107
21317 0.069681
21414 0.06795
22109 0.066264
22209 0.065296
22618 0.064003
22824 0.062295
22928 0.061223
23033 0.060287
23138 0.058181
23776 0.057215
23885 0.055561
24102 0.0533
24212 0.051396
24543 0.051332
24991 0.049138
25563 0.046598
25911 0.045695
26029 0.044454
26146 0.044197
26623 0.042457
27352 0.039035
27475 0.037353
28354 0.034338
28482 0.030848
28739 0.030302
28868 0.026778
29391 0.022195
29523 0.020123
29923 0.016501
30057 0.016189
30192 0.015161
30464 0.012836
30738 0.011731
33459 0.011704
34672 0.010473
39957 0.009987
