 DIM = 2
1 1.79577e+06
3 1.21014e+06
4 250081
5 48400
10 3609
11 964
19 925
23 436
28 149
32 25
78 23.4037
103 18.7126
105 15.5956
114 13.9671
115 11.7854
153 10.0099
169 9.53267
186 8.38085
203 8.17962
208 8.06754
227 7.74186
247 6.77
267 5.76
289 4.85
318 4.55406
320 4.2875
326 4.10786
332 3.7821
335 3.56926
348 3.20226
360 3.16214
363 3.05826
367 2.72802
373 2.5149
376 2.19042
389 1.84738
393 1.76418
410 1.66578
417 1.6
420 1.56812
427 1.47234
438 1.37274
452 1.30882
456 1.27786
460 1.2069
464 1.20362
467 1.06098
471 0.969616
483 0.798341
486 0.703376
498 0.613125
506 0.501136
522 0.449021
526 0.414061
534 0.26
538 0.203296
568 0.17
594 0.117536
635 0.116821
663 0.073741
698 0.063376
703 0.055456
713 0.04
718 0.028736
770 0.02
814 0.007696
854 0.004896
865 0.003125
871 0.000981
951 0.000908
970 0.000222
989 4.1e-05
1069 2.7e-05
1155 6e-06
1222 3e-06
1269 0
