 DIM = 5
1 15.5
4 14.58
6 14.1
7 12.22
10 11.22
11 8.72
29 7.22656
30 6.50824
39 6.12885
43 6.04443
53 3.04443
69 1.98659
110 1.73551
126 1.06006
210 1.04
225 1
295 0.94375
360 0.908295
376 0.899921
445 0.889921
490 0.859921
559 0.859416
577 0.840308
963 0.839388
982 0.838314
1042 0.837926
1055 0.837632
1083 0.837602
1111 0.837467
1253 0.837408
1277 0.836974
1317 0.836747
1479 0.83662
1562 0.836503
1628 0.836484
1638 0.836426
1677 0.836302
1687 0.836174
1717 0.836109
1853 0.836103
2010 0.836047
2021 0.836005
2080 0.835879
2092 0.835504
2104 0.834391
2116 0.831442
2128 0.825715
2177 0.797918
2290 0.788676
2303 0.765166
2575 0.758624
2604 0.727243
2938 0.726003
2986 0.718024
3238 0.714521
3344 0.700457
3641 0.698041
3661 0.695133
3719 0.662532
4419 0.632196
4559 0.60419
4849 0.600508
5052 0.600358
5130 0.599354
5208 0.598353
5262 0.586057
5649 0.584901
5677 0.577475
6246 0.571917
6631 0.570451
8479 0.564959
8604 0.563495
9075 0.560936
9617 0.55918
9756 0.55568
10435 0.555502
10738 0.555008
10893 0.55329
10998 0.553123
11980 0.551542
13735 0.550769
14327 0.550296
14394 0.550087
15224 0.550086
16248 0.550011
16476 0.549971
17177 0.549951
18155 0.549887
