 DIM = 2
1 1.79407e+06
3 1.20894e+06
4 249943
5 48427.5
8 10017.4
22 24.9802
66 24.6125
79 23.8679
81 20.0663
103 19.7289
115 18.98
128 14.9224
145 13.8269
147 11.5097
177 10.6081
190 9.86462
192 9.17095
217 8.36368
220 8.19965
244 8.16462
267 6.3628
289 5.18909
326 4.45104
345 3.71505
370 2.96275
389 2.7285
393 2.52562
400 2.20159
403 2.0937
452 1.66449
464 1.38243
467 1.12474
479 0.969795
559 0.758132
590 0.738023
594 0.723909
599 0.689427
603 0.676061
608 0.609003
612 0.599274
617 0.489732
621 0.447589
640 0.369638
663 0.249749
668 0.180672
688 0.15907
703 0.137873
744 0.117717
792 0.109419
808 0.063428
825 0.049979
842 0.045785
901 0.029011
957 0.003125
1015 0.001858
1022 0.000101
1199 0
