 DIM = 7
1 0.033771
33 0.029396
36 0.021568
51 0.015787
66 0.012733
72 0.009536
86 0.008661
97 0.006532
100 0.005616
102 0.005544
119 0.004617
122 0.003788
137 0.003395
147 0.003295
161 0.002654
169 0.002611
177 0.002246
192 0.002215
260 0.002191
265 0.00219
303 0.002098
315 0.00209
370 0.002046
475 0.001912
479 0.001911
490 0.001843
502 0.001716
555 0.00167
568 0.001282
630 0.001116
781 0.001114
860 0.00105
895 0.001024
982 0.000691
1076 0.000663
1169 0.000619
1207 0.000369
1383 0.000225
1543 0.000211
1821 0.000199
1897 0.000189
1919 0.000183
1941 0.000152
1987 0.00012
2021 5e-05
2068 2e-05
2329 4e-06
3326 2e-06
3661 1e-06
3739 0
