 DIM = 9
1 1124.05
11 920.079
12 500.607
19 414.668
30 334.33
38 317.687
42 195.148
89 173.994
115 74.9652
119 71.929
126 55.0163
130 49.0482
133 35.9714
376 35.97
486 35.9682
668 35.9668
995 35.9664
1097 35.9663
1571 35.9663
1600 35.9662
1609 35.9661
1998 35.966
2104 35.966
2116 35.9659
2177 35.9658
2189 35.9658
2561 35.9657
2782 35.9656
3035 35.9654
3584 35.9653
3759 35.9653
3798 35.9653
3879 35.9652
4131 35.9652
4152 35.9652
4630 35.9651
4899 35.9651
4975 35.9651
5000 35.9651
5424 35.9651
5940 35.9651
6122 35.9651
6598 35.9649
7285 35.9649
8356 35.9649
8988 35.9649
10790 35.9649
10998 35.9648
11209 35.9648
12560 35.9648
12739 35.9648
12860 35.9648
12982 35.9648
13105 35.9648
13166 35.9648
15875 35.9648
17098 35.9648
17741 35.9648
19186 35.9648
19274 35.9648
21610 35.9648
25447 35.9648
25563 35.9648
26985 35.9648
29789 35.9648
32143 35.9648
