 DIM = 10
1 1354.66
2 1348.77
5 1285.16
6 1201.44
9 1089.08
10 1058.35
12 957.58
22 811.738
29 685.285
30 681.086
45 672.95
48 540.1
78 508.088
82 500.796
84 478.779
86 442.451
103 390.339
105 370.551
119 362.356
122 348.507
135 287.697
137 286.816
163 283.139
171 138.057
217 128.56
273 123.815
297 120.733
300 110.081
326 105.492
403 103.573
464 100.424
479 99.8772
483 95.4042
490 87.7077
518 80.0449
522 76.2241
530 74.7001
551 56.1537
603 49.6569
626 38.2889
718 33.3337
765 33.2588
781 31.0379
901 27.9541
944 26.991
951 26.1823
1002 25.072
1028 23.9243
1147 23.4021
1325 22.6885
1497 22.1988
1534 21.9391
1769 21.4351
2045 21.0774
2303 21.0517
2369 20.9997
2450 20.0291
2519 20.0131
2604 19.6944
2938 19.6876
2970 19.5075
3085 19.1695
3527 19.1683
4152 19.0728
4262 18.9299
4489 18.7392
4899 18.5385
5881 18.5315
5940 18.5166
6372 18.4591
6565 18.4399
7142 18.4066
7804 18.39
7919 18.3833
8646 18.3796
8858 18.372
8988 18.3591
9994 18.3129
10945 18.2936
11370 18.2878
11867 18.2747
13480 18.2722
13607 18.2698
13735 18.2687
20458 18.2679
20835 18.2665
24212 18.2664
24543 18.2664
24991 18.2664
25447 18.2663
26743 18.2662
27229 18.2661
27599 18.2659
27724 18.2659
30464 18.2658
30600 18.2657
31433 18.2656
31574 18.2656
31715 18.2656
32287 18.2655
32576 18.2655
35138 18.2654
37061 18.2654
37891 18.2653
42690 18.2653
43068 18.2653
43258 18.2653
43640 18.2653
43833 18.2653
46614 18.2653
48066 18.2653
48277 18.2653
50437 18.2653
50658 18.2653
51552 18.2653
52004 18.2652
52460 18.2652
52689 18.2652
54560 18.2652
54798 18.2652
55278 18.2652
55519 18.2652
56741 18.2652
57736 18.2652
73883 18.265
79144 18.265
80170 18.265
80515 18.2649
81558 18.2649
88473 18.2648
109016 18.2648
117662 18.2648
123269 18.2647
123791 18.2647
126970 18.2647
128589 18.2647
130779 18.2647
131332 18.2647
152183 18.2647
155412 18.2647
159374 18.2646
170426 18.2646
171859 18.2646
174030 18.2646
180704 18.2646
184518 18.2646
186844 18.2646
203943 18.2646
207368 18.2646
208233 18.2646
219801 18.2646
220716 18.2646
221635 18.2646
222558 18.2646
227228 18.2646
228174 18.2646
230076 18.2646
232958 18.2646
233927 18.2646
235876 18.2646
236856 18.2646
238829 18.2646
242822 18.2646
249967 18.2646
259455 18.2646
311126 18.2646
339198 18.2646
