 DIM = 3
1 50
2 34.1234
6 13.1167
15 11.0674
20 3.80163
67 3.77116
73 2.36255
103 2.35794
122 2.28952
130 2.18583
139 2.0611
147 2.04716
206 1.9222
208 1.81801
220 1.72511
222 1.70627
227 1.63257
229 1.35621
270 1.22172
286 1.12921
295 1.00981
318 0.95081
326 0.898075
363 0.813158
471 0.7124
475 0.580993
486 0.580801
498 0.55118
506 0.527095
510 0.417769
514 0.372222
526 0.369802
534 0.318858
547 0.198074
551 0.155809
594 0.151264
603 0.146386
612 0.120827
621 0.098683
626 0.072899
644 0.068899
659 0.058259
673 0.05609
683 0.043225
688 0.032117
708 0.018254
718 0.00772
895 0.006376
963 0.005838
970 0.005716
989 0.005477
1015 0.004826
1076 0.001883
1140 0.001858
1350 0.001546
1383 0.001455
1401 0.001414
1453 0.001253
1461 0.001102
1470 0.000844
1534 0.000611
1571 0.000254
1648 0.00023
1832 0.000229
1875 0.000142
2068 0.000112
2092 0.000107
2116 7.6e-05
2128 2.3e-05
2409 1.9e-05
2450 1.2e-05
2561 9e-06
2721 7e-06
2859 5e-06
3256 4e-06
3344 3e-06
3434 2e-06
3490 1e-06
