 DIM = 6
1 15.8545
5 13.8624
8 13.0714
9 11.3977
24 9.33019
48 7.69245
51 6.55523
52 6.5048
55 5.69048
65 3.96537
149 3.92351
186 3.77655
190 3.00928
213 2.97005
242 2.27233
289 2.20697
335 2.13252
351 2.06664
413 1.95638
427 1.92862
547 1.7708
551 1.76076
559 1.70522
577 1.62748
581 1.5713
590 1.41056
621 1.36689
626 1.24406
673 1.24127
693 1.24109
708 1.22366
723 1.20937
738 1.18901
749 1.10691
754 1.06617
786 1.05557
792 1.03516
803 1.01966
814 0.982545
820 0.975541
919 0.969796
976 0.966574
1015 0.965091
1042 0.964793
1049 0.963002
1184 0.960527
1214 0.960263
1277 0.959428
1309 0.95856
1317 0.957674
1333 0.955203
1392 0.953191
1470 0.952682
1758 0.951285
1769 0.949571
1864 0.949379
1919 0.947392
1930 0.944984
1998 0.944004
2010 0.943006
2021 0.941722
2068 0.941071
2080 0.940382
2104 0.93763
2116 0.933947
2177 0.931662
2189 0.926325
2252 0.922544
2278 0.921428
2303 0.921074
2316 0.918414
2343 0.91521
2356 0.908688
2369 0.90827
2382 0.89965
2436 0.891385
2450 0.887065
2477 0.876359
2491 0.867883
2575 0.85686
2604 0.853574
2752 0.849361
2767 0.846674
3035 0.845637
3085 0.840699
3135 0.838107
3221 0.837591
3508 0.837304
3603 0.828272
3859 0.828099
3879 0.823568
3900 0.821783
3920 0.819221
4088 0.81047
4630 0.806897
4654 0.798786
4678 0.798329
4702 0.793614
4726 0.790307
4750 0.780439
4849 0.76574
4975 0.763676
5000 0.75637
5103 0.755877
5208 0.749376
5289 0.748878
5452 0.744987
5706 0.744036
5793 0.742832
6030 0.738281
6468 0.738046
6532 0.735314
6565 0.734369
7393 0.734077
8036 0.733904
9252 0.731664
9297 0.72907
9994 0.724222
10188 0.723828
10286 0.713942
10335 0.710304
10841 0.708192
11316 0.707228
12800 0.705713
13607 0.700825
13865 0.69686
13930 0.695143
14127 0.693501
14462 0.687571
14529 0.68692
15012 0.68681
15082 0.686241
15510 0.685138
15655 0.683201
15728 0.68156
16023 0.681463
16098 0.680786
16248 0.680758
16476 0.678304
16552 0.675606
16940 0.675337
17019 0.673773
17256 0.67137
17336 0.669436
18323 0.666481
18664 0.665843
18750 0.664835
18836 0.664467
19010 0.662745
19186 0.661902
19274 0.659574
19452 0.658134
19541 0.65221
19812 0.651164
20086 0.648738
20179 0.645168
20364 0.643655
20740 0.6382
20835 0.636077
21512 0.636048
21709 0.635376
22109 0.634749
22311 0.632739
22618 0.629813
22721 0.628621
23885 0.628572
24322 0.627778
25333 0.627521
25447 0.626793
25795 0.626716
27724 0.626149
28354 0.624654
28482 0.624274
28998 0.623355
29128 0.623126
29923 0.622242
32722 0.621973
32868 0.621089
37391 0.620517
