 DIM = 10
1 50.499
2 49.4989
3 46.4994
4 29.5
5 26.5
15 26.4874
18 25.5336
20 11.8
26 10.4
27 9.4
38 7.57228
76 7.41472
107 7.10601
147 6.84194
177 6.62001
215 6.40521
239 6.38666
318 5.46469
380 5.40908
383 5.28427
438 4.8663
452 4.40404
467 3.96332
494 3.27438
678 2.67023
848 2.66147
1126 2.63546
1253 2.51695
1435 2.41622
1444 2.41071
1667 2.35356
1908 2.2482
2056 2.15637
2140 2.14601
2356 2.10986
2409 2.09907
2736 2.09105
2797 2.06146
3102 1.91077
3453 1.86687
3508 1.82838
3622 1.59259
3680 1.58126
3739 1.4989
3778 1.38918
4003 1.28098
4240 1.23494
4351 1.18309
4535 1.1585
5077 1.09377
5182 1.01104
6764 0.991031
6899 0.990693
7393 0.937822
7652 0.773793
8646 0.664351
9710 0.635058
10335 0.632533
10485 0.536364
13930 0.500703
14061 0.499176
14942 0.489255
15012 0.474482
15153 0.45517
15224 0.423123
15582 0.39128
15655 0.358087
16706 0.337177
17256 0.29243
19010 0.290264
19186 0.279886
22008 0.27221
22824 0.271574
23138 0.271379
23455 0.267045
25218 0.266801
25911 0.266286
26029 0.262118
26146 0.256012
27352 0.255837
27724 0.25172
27849 0.251274
27974 0.249722
28100 0.239992
29259 0.238737
30057 0.230888
32431 0.230405
32576 0.225606
35927 0.217992
36409 0.211437
46614 0.203664
47024 0.201585
47231 0.194701
48916 0.184881
49131 0.174522
49346 0.171356
49562 0.164054
51103 0.153159
51327 0.146833
51552 0.143477
51777 0.140562
53617 0.126088
54560 0.122339
57236 0.113322
57486 0.095014
59519 0.085358
72621 0.07936
76142 0.076337
79827 0.074699
80861 0.070353
82261 0.063962
82614 0.063818
83684 0.057478
98437 0.057462
100555 0.056104
100984 0.047629
130228 0.047089
134698 0.046201
135839 0.043635
139905 0.043384
150910 0.042273
165502 0.04056
169005 0.040113
176227 0.03945
176966 0.038724
182220 0.037699
202251 0.037631
203095 0.037611
234899 0.03733
236856 0.036171
246880 0.035903
255196 0.035607
261611 0.035012
262695 0.035005
271529 0.034992
279495 0.034743
287688 0.034713
290072 0.034506
294897 0.03384
296116 0.033426
399666 0.033288
401305 0.033043
407927 0.033028
416356 0.03297
419774 0.032904
428442 0.032899
431957 0.032502
433726 0.032169
457368 0.032156
488201 0.032027
