 DIM = 8
1 9.38789
2 9.38567
4 1.1522
90 0.90693
98 0.906801
102 0.740139
108 0.681171
119 0.580945
130 0.450365
149 0.433906
157 0.418762
165 0.395665
167 0.335629
177 0.315386
179 0.244774
197 0.216168
199 0.203166
262 0.174495
267 0.15342
275 0.126056
278 0.108172
323 0.105288
338 0.08963
348 0.081134
490 0.067113
649 0.066037
703 0.063345
713 0.059759
842 0.055622
848 0.053819
877 0.05115
883 0.051142
926 0.048798
932 0.048573
938 0.04759
957 0.046496
982 0.044093
1002 0.041083
1062 0.040197
1238 0.039839
1245 0.038499
1628 0.037255
1707 0.037217
1738 0.037077
1758 0.036779
1800 0.035875
1811 0.035053
1853 0.034877
1864 0.034041
1908 0.033685
1930 0.03287
1941 0.032397
1964 0.031913
1975 0.031483
1987 0.030943
1998 0.029723
2021 0.02959
2033 0.028553
2045 0.027788
2056 0.025851
2116 0.023659
2128 0.022266
2189 0.020676
2214 0.018929
2227 0.018496
2316 0.018329
2396 0.016299
2575 0.015447
2604 0.015044
2619 0.014868
2662 0.014493
2752 0.013225
2767 0.013095
2922 0.01302
3204 0.012994
3326 0.012935
3362 0.012855
3719 0.012836
4003 0.012826
4066 0.012696
5370 0.012693
5452 0.012654
5535 0.012642
5592 0.012617
5620 0.012605
5706 0.012551
5735 0.012504
5822 0.01249
5851 0.012456
5881 0.01245
5910 0.01244
5940 0.012415
6030 0.012399
6091 0.012317
6153 0.012243
6183 0.012224
6246 0.012113
6277 0.01199
6435 0.011912
6468 0.011845
6565 0.011733
6598 0.011675
6697 0.011579
6730 0.011547
6831 0.011446
7072 0.011291
7107 0.01123
7540 0.010998
7577 0.010778
7880 0.010774
7919 0.010686
8036 0.010463
8076 0.010322
8155 0.010155
8195 0.009889
8438 0.009443
8479 0.009142
8773 0.008838
8815 0.008536
8988 0.008367
9031 0.008082
9163 0.00801
9208 0.007688
9387 0.007541
9524 0.007451
9617 0.007218
9710 0.007176
9898 0.006791
9994 0.006648
10090 0.00664
10237 0.00634
10485 0.005929
10535 0.005843
10790 0.005777
11103 0.005303
11370 0.005131
11534 0.005116
11644 0.005024
11980 0.004541
12037 0.004277
12560 0.004188
12620 0.004078
12921 0.00362
12982 0.00339
13543 0.003204
14127 0.002932
15510 0.002777
15875 0.002763
16248 0.00272
17019 0.00263
17098 0.002621
17823 0.002567
18155 0.002566
18923 0.002548
19812 0.002526
19995 0.002513
20551 0.00251
22109 0.002509
22413 0.002507
22721 0.002506
23562 0.002505
26029 0.002504
27724 0.002377
28998 0.002353
29789 0.002347
29923 0.002339
30464 0.002333
31293 0.002325
31715 0.002308
31857 0.002299
32576 0.002285
32722 0.002277
33015 0.001824
33310 0.001286
33609 0.001268
37724 0.001241
40669 0.00117
47647 0.001123
48489 0.001072
49346 0.001047
49562 0.000991
49998 0.000528
53151 0.000415
56741 0.000363
63520 0.000344
64350 0.000238
76470 0.000219
80515 0.000216
81209 0.000204
81909 0.000192
83684 0.000182
84766 0.000158
88852 0.000145
94731 0.000143
96773 0.000117
103156 9.4e-05
104037 6.7e-05
124842 6e-05
130228 1.6e-05
131332 1.5e-05
