 DIM = 10
1 1356
2 1349.25
5 1286.04
6 1200.82
9 1088.43
10 1057.45
12 958.471
16 811.643
26 700.576
30 664.92
48 512.232
53 494.875
78 474.17
95 456.782
100 443.949
122 367.81
124 251.192
155 220.887
157 183.18
169 133.457
171 125.104
192 115.363
194 110.818
203 83.2066
208 70.1519
262 44.1904
320 37.6825
442 36.4976
467 32.2324
471 27.5294
510 24.9038
547 22.9538
678 22.2232
688 21.4727
698 21.1384
744 19.6001
765 19.2545
907 18.9669
951 18.7864
1350 18.7547
1525 18.595
1628 18.5492
1658 18.5231
1677 18.4978
1707 18.4677
1769 18.4529
1930 18.3775
2033 18.3667
2316 18.3409
2590 18.338
2619 18.2947
2875 18.2939
3102 18.2931
3326 18.2909
3584 18.2905
4131 18.283
5052 18.2829
5130 18.2822
5564 18.2812
6468 18.2812
6532 18.2812
6598 18.2812
7107 18.2812
7690 18.2812
