 DIM = 11
1 199.685
6 188.346
7 170.78
8 160.141
16 149.202
19 137.715
28 117.79
29 83.2275
48 70.1096
49 47.7155
60 46.662
62 37.4671
67 32.8665
69 26.5124
73 26.4688
78 24.565
103 24.1928
105 21.8765
169 12.5376
649 5.26441
713 5.03725
803 4.43377
901 3.32533
1104 3.03819
1118 2.35663
1140 2.24741
1238 2.10363
1253 2.09317
1309 2.00077
1317 1.87056
1350 1.84781
1375 1.79369
2648 1.79325
2890 1.79285
3308 1.79272
3603 1.79236
3920 1.79147
4262 1.79055
5970 1.7905
6061 1.79048
6122 1.79035
6246 1.7902
6308 1.79013
6435 1.78997
6697 1.78992
6764 1.78991
7002 1.7899
7142 1.78989
7213 1.78987
7285 1.78986
7997 1.78985
8155 1.78984
8944 1.78983
9163 1.78982
10042 1.78982
10485 1.78982
11316 1.78981
