 DIM = 3
1 1305.79
2 1039.14
3 426.847
4 229.888
6 172.02
9 41.9772
18 14.0998
40 13.3165
42 7.94018
79 5.62382
82 0.920431
114 0.267539
124 0.260362
126 0.252021
128 0.250754
179 0.248801
186 0.247459
234 0.247385
254 0.247247
260 0.188987
275 0.084166
286 0.081725
292 0.080473
338 0.076244
341 0.07444
354 0.07303
380 0.072291
393 0.071666
396 0.070694
403 0.07007
406 0.070056
410 0.067638
424 0.063909
427 0.05092
456 0.043203
490 0.037289
599 0.013958
635 0.012212
663 0.008568
723 0.008439
792 0.008242
848 0.00824
854 0.008237
1009 0.00821
1133 0.008209
1155 0.008208
