 DIM = 5
1 16.1741
5 12.4876
6 8.35636
8 8.32531
11 1.60737
38 1.47905
45 0.185858
58 0.097673
100 0.031681
161 0.029327
169 0.025651
190 0.017311
213 0.016492
227 0.014196
260 0.013279
265 0.01183
284 0.008993
297 0.008629
303 0.007002
306 0.005616
320 0.003754
360 0.003517
363 0.002565
373 0.002308
383 0.001578
386 0.001356
403 0.000788
530 0.000772
551 0.000649
568 0.000583
590 0.000527
612 0.000517
621 0.0005
713 0.000444
723 0.000389
895 0.000371
938 0.000367
944 0.000343
976 0.000332
989 0.000306
1169 0.000301
1192 0.000287
1214 0.000264
1261 0.000262
1317 0.000258
1333 0.000257
1358 0.000256
1497 0.000239
1525 0.000238
1748 0.000231
1964 0.00023
1987 0.000226
2010 0.000224
2356 0.00022
2590 0.000219
2736 0.000218
2752 0.000217
2922 0.000216
3035 0.000213
3068 0.00021
3238 0.0002
3434 0.000188
3680 0.000185
4374 0.000181
4489 0.000176
4654 0.000173
4949 0.000172
5793 0.00017
5851 0.000164
5910 0.000158
6468 0.000157
6598 0.000155
6664 0.000152
6865 0.00015
6899 0.000148
7002 0.000145
7037 0.000143
7142 0.000141
7178 0.000139
7285 0.000136
7577 0.000135
7727 0.000134
7804 0.000132
7997 0.000131
8076 0.00013
8479 0.000129
8520 0.000126
8773 0.000123
8815 0.000121
9075 0.000115
9617 0.000113
11370 0.000112
13417 0.000111
14394 0.00011
15510 0.000108
15655 0.000106
15728 0.000101
18072 0.0001
