 DIM = 8
1 9.39348
2 9.3797
4 1.15332
90 0.907177
102 0.740166
108 0.681697
119 0.58124
128 0.559192
135 0.545722
141 0.506769
145 0.430852
153 0.412249
167 0.367342
177 0.330615
181 0.317375
184 0.306951
192 0.298527
197 0.265331
199 0.241747
201 0.220985
210 0.193095
257 0.171258
265 0.170411
338 0.158488
354 0.136611
357 0.133558
367 0.119045
370 0.111739
403 0.10761
564 0.095951
608 0.089301
698 0.088986
820 0.084533
825 0.081773
860 0.081005
865 0.075675
989 0.075537
1002 0.071999
1097 0.068127
1375 0.067923
1515 0.067345
1697 0.066902
1738 0.066895
1758 0.05397
1790 0.048196
1800 0.040579
1832 0.036175
2329 0.027171
2619 0.026818
2662 0.026428
2736 0.025322
3152 0.025112
3169 0.024899
3398 0.024641
3416 0.024341
3434 0.024209
3490 0.024029
4284 0.019103
4630 0.01836
4678 0.017835
4975 0.0171
5077 0.017024
5208 0.016847
5315 0.016769
5480 0.016721
5508 0.016705
5592 0.016627
5649 0.016197
6061 0.016116
6153 0.016023
6899 0.01583
6933 0.015798
7690 0.015659
7804 0.015658
7958 0.015508
7997 0.01541
8356 0.015327
8397 0.015279
8438 0.015268
8479 0.015234
8562 0.015137
8604 0.015104
8730 0.014939
8773 0.014809
9031 0.014627
9756 0.014568
9946 0.01456
10090 0.014521
10435 0.014477
10636 0.014476
10738 0.014462
11103 0.014383
11156 0.014325
11479 0.014309
11534 0.014254
11811 0.014249
11867 0.014208
12037 0.014196
12151 0.01418
12209 0.014176
12325 0.014055
12383 0.013981
12679 0.013911
12739 0.013808
13105 0.013754
13166 0.01364
13417 0.013603
13543 0.01344
13607 0.013287
13735 0.013279
13800 0.013129
13995 0.012999
14061 0.012744
14194 0.012733
14260 0.012479
14394 0.012338
14462 0.011905
14735 0.011892
14804 0.011781
14873 0.011443
14942 0.010999
15153 0.010799
15224 0.010303
15438 0.00977
15510 0.009079
15728 0.0087
15801 0.007893
16248 0.007846
16399 0.007486
17098 0.007181
17336 0.006882
17417 0.006702
17660 0.00653
17741 0.0063
17823 0.006103
17906 0.005755
18239 0.005558
18578 0.005436
19186 0.005206
19812 0.005088
20179 0.005057
20740 0.005034
21414 0.004931
22109 0.004886
22515 0.004847
23033 0.004758
24212 0.004748
24991 0.004742
26985 0.004718
32722 0.004684
33162 0.004636
33310 0.004617
35452 0.004588
36248 0.004567
36571 0.004511
36734 0.00449
37391 0.004484
38398 0.004436
38568 0.004408
39605 0.004402
41211 0.004364
42690 0.003804
53617 0.003746
54087 0.003739
54560 0.003719
55519 0.003708
56988 0.003705
57486 0.003701
58240 0.003682
58749 0.00368
59261 0.003674
60300 0.003666
62158 0.00366
67194 0.00365
68958 0.003648
71073 0.003643
71998 0.003592
76470 0.003371
77463 0.003353
77796 0.003308
78805 0.003233
93926 0.003192
95136 0.003133
97186 0.003091
98018 0.003061
99279 0.002959
99703 0.002927
101848 0.002874
102718 0.002869
104481 0.002748
104926 0.002693
107635 0.002634
116670 0.002611
117662 0.002037
125371 0.001984
125902 0.001772
127508 0.001526
128047 0.001397
136989 0.00133
138731 0.001198
