 DIM = 9
1 8.15888e+06
11 2.9532e+06
12 5172.69
21 3878.97
23 3129.87
26 742.032
75 540.934
79 500.572
90 451.998
105 350.604
110 341.699
121 234.231
177 210.591
181 148.813
186 134.077
194 91.9837
208 78.6192
220 46.8879
286 40.8251
326 40.7711
400 36.0506
490 35.4106
498 34.523
506 30.8075
510 30.7037
526 27.4844
534 24.9913
577 24.9151
590 24.5536
603 23.4051
612 23.3424
621 23.0464
635 19.5847
713 16.0454
718 14.2584
808 14.1671
820 13.6233
837 12.1486
895 12.1211
913 11.9077
938 11.0118
944 10.971
970 10.7683
1028 10.7195
1055 10.6974
1069 10.6141
1083 10.5888
1097 10.5374
1118 10.4397
1133 10.3982
1140 10.208
1230 10.1787
1285 10.1189
1426 10.111
1552 10.0095
1728 9.86257
2227 9.84369
2252 9.3736
2519 9.20942
2575 9.12089
2604 8.91482
2619 8.51171
2692 8.33954
2707 7.90247
2782 7.73779
2797 7.06963
2828 7.04673
2843 6.37571
2922 6.05666
2938 5.69317
2954 5.40414
2970 4.31934
2986 2.36435
3839 2.12833
4066 2.01986
4262 1.8773
4284 1.48848
4535 1.46017
4654 1.45407
4702 1.43712
4800 1.3595
4949 1.35188
5026 1.23648
5052 1.1886
5343 1.16288
5370 1.15779
5397 1.11905
5424 1.09448
5564 1.01292
5592 0.940559
6532 0.935619
6565 0.854495
6697 0.799646
6831 0.668606
7466 0.65012
8688 0.622803
9342 0.492048
9387 0.478372
10335 0.446511
10485 0.421682
11263 0.391628
11534 0.38518
13417 0.316754
14327 0.2937
15728 0.276677
15875 0.270012
15949 0.263405
17019 0.256704
17660 0.255588
19274 0.250804
22928 0.249927
23243 0.248676
23349 0.241634
23455 0.238487
25911 0.233836
27352 0.233433
27849 0.232073
28739 0.230761
28868 0.229545
29789 0.228638
30328 0.228328
30600 0.227207
30738 0.22684
31153 0.226265
31433 0.225928
32431 0.223992
33459 0.223748
34365 0.22305
34672 0.222737
35927 0.2222
41030 0.22209
41576 0.221975
42316 0.221394
48702 0.21997
53384 0.219881
53617 0.219693
54087 0.219598
55278 0.219451
56741 0.219215
57988 0.218939
61622 0.218412
62428 0.216426
62699 0.215016
62972 0.210894
63795 0.210819
64909 0.208781
65191 0.205869
69556 0.200193
69857 0.194891
83684 0.194295
84043 0.19125
84404 0.191111
84766 0.189371
89999 0.188652
93926 0.188457
94731 0.188152
95543 0.187602
97186 0.187123
99279 0.186881
102718 0.186753
105373 0.186668
105822 0.186628
107179 0.186553
107635 0.185859
113259 0.185593
115196 0.185436
116176 0.185424
118161 0.185087
118663 0.184776
120689 0.184748
121201 0.184657
122230 0.184296
122748 0.183853
123791 0.18383
124315 0.183296
125902 0.182777
126435 0.181937
128589 0.181178
129133 0.179828
131332 0.179722
131887 0.178465
134132 0.177329
134698 0.175748
136989 0.17548
137567 0.174261
139905 0.173812
141684 0.171519
142281 0.170178
147771 0.169193
148394 0.16854
152183 0.167988
153467 0.167465
154112 0.167203
158043 0.165665
160044 0.1648
160717 0.164351
173303 0.164314
176227 0.164257
179200 0.16417
192383 0.163999
217981 0.163686
232958 0.163335
235876 0.16204
239821 0.161141
