 DIM = 4
1 3.08106e+11
2 3.06233e+11
3 3.0533e+11
6 8.28698e+10
7 6.49022e+08
9 3.36508e+08
21 1.71349e+08
23 8.50672e+07
27 5.02428e+07
29 2.45031e+07
34 1.24411e+07
44 1.13355e+07
94 4.57602e+06
103 1.61691e+06
108 938746
110 406929
114 378654
117 198083
130 134019
169 110876
203 95558.1
229 89756.3
286 88727.9
320 86492.3
348 86427.4
376 86271.5
403 86207.8
424 85983.6
494 85944.1
510 85940.7
518 85917.9
526 85903
543 85901.3
551 85832.3
590 85823.5
723 85823.3
733 85822.9
744 85822.4
754 85822.4
792 85822.2
854 85822.2
907 85822.2
1022 85822.2
1035 85822.2
1104 85822.2
