 DIM = 9
1 0.028862
12 0.024916
79 0.023795
84 0.022238
115 0.020089
175 0.014137
242 0.013707
247 0.013016
300 0.012556
306 0.011832
315 0.011737
323 0.011727
332 0.011633
338 0.011564
348 0.011462
367 0.010887
380 0.010853
386 0.010772
393 0.010756
396 0.010118
400 0.009984
413 0.009737
427 0.009179
431 0.008517
449 0.00833
452 0.007876
471 0.007639
475 0.007271
486 0.006792
490 0.006407
538 0.006286
564 0.006205
594 0.006169
621 0.006127
630 0.006085
644 0.006055
659 0.006026
668 0.005994
678 0.005978
733 0.00597
754 0.005966
759 0.005964
775 0.005943
792 0.005927
814 0.005875
883 0.005849
889 0.005808
938 0.005727
957 0.005717
963 0.005702
1155 0.005675
1169 0.005625
1214 0.005611
1222 0.00554
1238 0.005479
1245 0.005366
1317 0.005357
1325 0.005344
1342 0.005217
1350 0.005123
1375 0.005109
1383 0.005033
1418 0.005022
1435 0.004866
1444 0.004838
1453 0.004678
1461 0.004533
1525 0.004485
1534 0.004468
1543 0.004342
1552 0.004264
1562 0.004238
1571 0.004151
1581 0.004051
1628 0.003713
1638 0.003307
1707 0.00261
1875 0.002397
2092 0.00234
2140 0.001975
2547 0.001617
2677 0.001543
2828 0.001503
2875 0.001315
3169 0.001085
3186 0.001063
3719 0.000981
3778 0.000869
3879 0.000858
4535 0.000855
4899 0.000755
5156 0.000692
5235 0.000654
5397 0.000602
5564 0.000592
5793 0.000511
5822 0.000462
6091 0.000413
6122 0.000403
6246 0.000378
6340 0.000377
6435 0.000296
6468 0.000235
6697 0.000231
6797 0.000209
6933 0.000175
7142 0.000127
7503 0.000109
7652 0.000102
7765 9.8e-05
7880 9.7e-05
8076 8.4e-05
8155 7.6e-05
8316 7.1e-05
9663 7e-05
9851 3.9e-05
9994 3.4e-05
11103 3.3e-05
11316 3.1e-05
11479 3e-05
12383 2.8e-05
12501 2.2e-05
12679 2e-05
16248 1.7e-05
16629 1.6e-05
16784 1.5e-05
16940 1.4e-05
17336 1.3e-05
17741 1.2e-05
18408 1e-05
19812 9e-06
21219 8e-06
23669 7e-06
26265 5e-06
30464 4e-06
33609 3e-06
38059 2e-06
