 DIM = 4
1 3.08386e+11
2 3.06259e+11
3 3.05406e+11
6 8.28946e+10
7 6.49435e+08
9 3.36252e+08
21 2.05494e+08
23 8.50232e+07
27 4.51204e+07
29 2.45114e+07
34 1.5883e+07
42 1.42627e+07
47 1.27925e+07
62 6.0476e+06
79 4.41322e+06
84 3.13232e+06
89 2.71936e+06
95 1.82361e+06
132 904426
135 249933
161 117292
237 101013
286 99703.6
348 90155.9
413 87548.8
431 87322.1
438 86663.4
445 86125.2
530 85802.7
564 85770.8
608 85767.9
713 85745.4
1015 85740.8
1214 85740.6
1277 85739.2
1285 85737.5
1543 85737.3
1571 85737.2
1619 85737.1
1738 85737
1853 85737
1908 85736.9
2033 85736.8
2382 85736.8
2662 85736.8
2828 85736.8
2843 85736.8
2890 85736.8
3471 85736.7
3490 85736.7
3778 85736.7
3839 85736.6
3859 85736.6
3920 85736.6
3941 85736.6
3961 85736.6
4024 85736.6
4131 85736.5
4975 85736.5
5130 85736.5
5208 85736.5
5289 85736.5
5343 85736.5
5535 85736.5
5564 85736.5
5649 85736.5
5706 85736.5
6000 85736.5
6122 85736.5
6153 85736.5
6277 85736.5
6435 85736.5
6468 85736.5
6831 85736.5
6865 85736.5
7072 85736.5
7249 85736.5
7321 85736.5
7540 85736.5
7577 85736.5
7690 85736.5
7765 85736.5
7958 85736.5
8036 85736.5
8076 85736.5
8235 85736.5
8275 85736.5
8316 85736.5
8356 85736.5
8479 85736.5
8604 85736.5
8688 85736.5
8773 85736.5
8858 85736.5
9031 85736.5
10042 85736.5
