 DIM = 3
1 1.69361e+09
6 7.93307e+08
8 2.04529e+07
26 1.27512e+07
33 7.1229e+06
36 1.58826e+06
65 1.3646e+06
98 1.07865e+06
100 667864
102 574431
107 280906
108 246158
114 131470
115 111576
117 89830.8
122 29851.4
132 25552.3
135 22629.7
184 20519.8
213 15919.3
237 14426.7
281 12439.9
320 11965.6
351 11880.7
389 11683.2
403 11653
410 11585.4
460 11519.7
464 11492
522 11426
599 11352.3
644 11333.6
649 11301.3
703 11271.7
765 11250.1
865 11167.4
871 11095.5
1028 11094.3
1055 11063.4
1069 11055.3
1083 11036.7
1090 11030.9
1097 10994.9
1104 10961
1118 10960
1133 10886.8
1140 10838.8
1162 10812.6
1184 10714.6
1192 10662.5
1222 10555.2
1230 10467.7
1277 10359
1285 10292.6
1367 10258
1375 10221.4
1392 10181.7
1401 10140.3
1409 10093.9
1418 10029.6
1426 10023.5
1435 9973.79
1444 9931.09
1461 9773.66
1470 9643.85
1506 9574.57
1515 9500.27
1525 9474.78
1543 9340.21
1552 9264.71
1562 9221.33
1600 9114.18
1658 9095.31
1677 9072.55
1687 8997.92
1738 8972.76
1758 8923.01
1790 8891.92
1821 8873.95
1843 8814.18
1853 8760.11
1897 8747.27
1908 8733.03
1919 8706.62
1941 8644.69
1953 8634.57
1987 8588.35
1998 8547.88
2056 8498.32
2068 8435.23
2092 8385.55
2116 8280.74
2177 8255.49
2227 8229.01
2265 8200.9
2303 8183.95
2329 8139.97
2369 8116.89
2477 8087.67
2491 8086.53
2505 8071.17
2519 8055.57
2533 8040.07
2547 8026.78
2561 8015.73
2590 8008.11
2619 7930.6
2633 7876.39
2677 7863.56
2707 7856.23
2736 7769.66
2767 7769.04
2797 7755.22
2843 7702.74
2859 7654.39
2875 7642.29
2906 7640.19
2938 7581.82
3002 7526.03
3019 7486.14
3085 7442.53
3102 7411.72
3118 7333.57
3135 7245.86
3186 7133.43
3273 7118.75
3308 7047.87
3326 7034.69
3380 6998.63
3398 6973.42
3453 6841.54
3471 6834.88
3546 6786.22
3641 6697.85
3661 6675.72
3778 6647.38
3818 6583.82
3941 6517.89
3961 6456.27
4045 6366.75
4066 6274.22
4109 6267.55
4174 6123.04
4196 6068.72
4284 5959.22
4306 5951.56
4329 5880.63
4374 5751.45
4397 5688.32
4512 5628.93
4606 5588.56
