 DIM = 9
1 0.028883
12 0.024892
79 0.023773
84 0.022242
163 0.020541
188 0.017694
239 0.017613
300 0.016825
306 0.016587
323 0.016362
406 0.015517
410 0.015263
417 0.014378
420 0.012863
438 0.012029
442 0.01027
449 0.009451
452 0.008107
464 0.006774
538 0.006427
626 0.005925
723 0.005264
919 0.00491
989 0.004668
1097 0.004274
1118 0.004265
1214 0.00372
1222 0.003704
1277 0.003489
1461 0.00313
1497 0.003016
1543 0.002925
1562 0.002894
1800 0.002729
1832 0.002451
1843 0.0024
1930 0.002122
1941 0.001927
1975 0.00184
1987 0.001706
2045 0.001505
2080 0.001296
2092 0.000946
2463 0.000881
2505 0.000827
2619 0.000685
3102 0.000677
3416 0.000638
3961 0.000431
4240 0.000361
4329 0.000352
4654 0.00032
5156 0.000287
5343 0.000203
5940 0.000193
6091 0.000153
6122 0.000137
6631 0.00013
6764 0.000112
7804 2.8e-05
9804 2.7e-05
9994 2.5e-05
10188 2.3e-05
10335 2.2e-05
10535 2.1e-05
10738 1.9e-05
11103 1.7e-05
11425 1.6e-05
13480 1.5e-05
13865 1.4e-05
14260 1.3e-05
15012 1.2e-05
