 DIM = 4
1 1.61525e+06
5 850167
6 57980.8
10 21995.8
22 21756.8
30 17054
34 15301.3
38 14107.9
40 13914.2
42 11507.8
44 9229.8
58 9156.81
59 7598.29
67 6126.15
69 4839.78
76 2089.19
92 1762.9
94 910.467
95 741.706
103 526.474
128 334.873
147 319.697
206 296.459
208 251.476
227 227.184
239 211.392
247 177.708
260 131.777
300 120.423
434 98.6979
475 98.6568
479 58.1526
483 8.27292
612 5.93717
654 2.45451
683 2.2465
718 1.54402
781 1.53046
871 1.0286
919 0.645814
970 0.251323
1055 0.233288
1069 0.215017
1090 0.170105
1147 0.11141
1222 0.073015
1238 0.067687
1269 0.065136
1293 0.050008
1309 0.044195
1342 0.032329
1392 0.028234
1470 0.007493
1497 0.002507
1648 0.001185
1821 0.001161
1853 0.000959
1864 0.000209
1953 0.000204
2116 2.1e-05
2343 5e-06
2604 2e-06
2633 1e-06
2813 0
