 DIM = 11
1 112
13 89.31
14 46.56
27 45.51
28 40.27
32 40.15
33 39.23
43 29.43
55 27.13
56 22.63
65 22.59
67 20.11
100 19.35
194 18.93
206 18.75
225 18.23
227 17.65
254 17.17
262 17.08
265 16.85
338 16.7
357 16.57
360 16.21
438 16.14
514 16.11
522 15.86
559 15.63
668 15.5309
678 15.3116
797 15.0816
1009 15.0681
1401 15.0599
1600 15.0288
1864 15.0286
1908 15.0256
2165 15.0208
2590 14.9841
2875 14.9829
2890 14.9823
3102 14.9812
3204 14.9805
3584 14.9751
3661 14.9736
3699 14.9714
3719 14.9704
3879 14.9698
4465 14.9687
4559 14.968
4606 14.9678
4654 14.9676
4750 14.9673
4924 14.9669
5026 14.9666
5156 14.9666
5793 14.9663
5910 14.966
6277 14.9656
6372 14.9655
7178 14.9653
7880 14.9653
9252 14.9648
9946 14.9645
11263 14.9643
11644 14.9642
12094 14.9642
12151 14.9642
13354 14.9641
13543 14.9641
13607 14.964
14735 14.9639
15012 14.9639
15153 14.9639
15366 14.9639
15655 14.9638
16862 14.9636
17417 14.9635
17823 14.9634
18836 14.9634
19452 14.9632
21414 14.9631
21709 14.9631
21908 14.963
22311 14.9629
27352 14.9628
33015 14.9628
39083 14.9627
41576 14.9626
52920 14.9626
54323 14.9626
55519 14.9626
58240 14.9626
60038 14.9626
60562 14.9626
62699 14.9626
66616 14.9626
70767 14.9626
74201 14.9626
82969 14.9626
85495 14.9626
94328 14.9625
94731 14.9625
104926 14.9625
115196 14.9625
134132 14.9625
138731 14.9625
147771 14.9625
148394 14.9625
154761 14.9625
160717 14.9625
175492 14.9625
178452 14.9625
182983 14.9625
183749 14.9625
211728 14.9625
227228 14.9625
274915 14.9625
280651 14.9625
301039 14.9625
