 DIM = 9
1 8.16061e+06
11 2.95434e+06
12 5177.76
21 3882.45
23 3127.13
26 742.672
92 518.182
98 278.02
149 275.641
157 256.67
161 253.303
163 198.848
167 54.7068
286 36.2241
389 27.4748
460 22.7777
486 22.2165
510 20.5351
644 19.9112
688 13.7456
693 11.9555
770 11.1374
797 10.3163
820 9.01568
825 7.84544
871 6.03882
877 4.58066
907 4.2729
913 2.7169
951 2.04067
970 1.75227
995 0.746698
1002 0.547675
1022 0.483743
1162 0.420241
1184 0.332864
1214 0.314157
1245 0.244307
1333 0.211753
1383 0.201758
1401 0.200212
1418 0.196347
1435 0.16629
1479 0.138018
1534 0.133136
1552 0.106674
1638 0.101758
1748 0.098271
1975 0.097377
2092 0.074911
2316 0.06937
2828 0.067316
2859 0.054242
3565 0.054178
3839 0.050649
4284 0.050284
4442 0.049217
4489 0.047505
4512 0.045936
5620 0.042834
5649 0.041124
5851 0.04106
6000 0.039998
6061 0.039932
6277 0.039928
6372 0.039882
6468 0.039398
6664 0.038622
6730 0.038579
6899 0.038336
7107 0.037877
7178 0.03774
7503 0.037492
7614 0.037135
7652 0.037117
7804 0.037059
7958 0.036877
8155 0.036504
8479 0.036425
8688 0.036363
8815 0.036203
8944 0.0362
9031 0.036163
9252 0.036016
9433 0.036002
9524 0.035886
9994 0.035879
10286 0.035792
10335 0.035733
10435 0.035728
10485 0.035705
10585 0.035628
10738 0.03555
10790 0.035416
10998 0.035353
11050 0.03522
11589 0.034932
11644 0.03472
11923 0.034717
11980 0.034515
12151 0.034344
12209 0.034139
12325 0.033934
12383 0.033555
12739 0.033422
12860 0.033198
12921 0.032871
12982 0.032702
13043 0.031867
13417 0.031402
13480 0.030607
13800 0.030593
13930 0.029798
13995 0.02904
14260 0.028813
14327 0.028654
14394 0.028489
14598 0.028092
14735 0.026984
14804 0.026041
15438 0.025917
15510 0.025071
16023 0.02471
16098 0.023782
16552 0.023007
16629 0.021979
16862 0.021912
16940 0.021837
17098 0.021317
17336 0.020844
17417 0.020828
17578 0.020092
17741 0.019603
17906 0.019161
18323 0.018854
18493 0.018476
18750 0.018354
18923 0.01744
19010 0.017102
19186 0.016446
19274 0.015642
19452 0.015601
19541 0.014907
19721 0.01469
19812 0.014627
19903 0.014033
20086 0.013679
20271 0.012444
20364 0.012055
20551 0.011875
20931 0.010738
21123 0.010424
21808 0.010367
22109 0.010285
22209 0.008333
22311 0.00814
23033 0.00803
23455 0.006906
23562 0.006065
24879 0.005133
27475 0.005075
28100 0.004906
28482 0.004439
30328 0.004298
30464 0.004185
31574 0.004113
31715 0.004106
32143 0.003919
32576 0.003739
32722 0.003705
32868 0.003654
33459 0.003509
33909 0.003467
34672 0.003416
35295 0.003357
35610 0.00334
36248 0.003201
37225 0.003128
37557 0.00308
38911 0.003054
40490 0.003029
40849 0.002898
41030 0.002819
42316 0.002783
42690 0.002662
42879 0.00261
43833 0.002544
44026 0.002538
44415 0.002534
44807 0.002322
45005 0.002167
47024 0.002127
47231 0.00202
48489 0.001908
49562 0.0019
50217 0.001817
51552 0.001805
52004 0.001804
52689 0.001759
55038 0.001667
55278 0.001664
57736 0.001643
66328 0.001612
70767 0.001607
79485 0.001606
85862 0.001605
87345 0.001603
88852 0.001595
107635 0.001591
109016 0.001589
111827 0.001588
112780 0.001587
115196 0.001586
121201 0.001585
141088 0.001584
