 DIM = 4
1 0.195153
2 0.168431
5 0.123152
23 0.105114
27 0.097931
32 0.097046
53 0.092824
87 0.078312
100 0.0764
105 0.073186
119 0.070669
121 0.053742
145 0.052726
213 0.052519
244 0.049429
289 0.045993
348 0.045563
363 0.045367
376 0.045155
383 0.045004
403 0.044691
572 0.044657
577 0.044623
621 0.044192
626 0.043159
668 0.042765
693 0.042555
698 0.042234
713 0.042023
744 0.041805
775 0.04156
786 0.041464
792 0.041355
814 0.041243
831 0.041235
854 0.040937
860 0.040662
883 0.040535
907 0.040346
957 0.040188
1009 0.040143
1022 0.040142
1049 0.040123
1062 0.040087
1293 0.040079
1435 0.040078
1470 0.04007
1506 0.040068
1534 0.040056
1821 0.040054
1886 0.040052
2021 0.040051
2045 0.04005
2329 0.040049
3221 0.040048
