 DIM = 8
1 64
2 60.73
3 58.48
5 55.77
11 55.27
15 53.99
16 52.07
22 50.28
42 43.1704
65 28.7704
84 27.9504
86 26.0204
94 25.9732
100 23.2104
102 21.6904
115 14.8832
128 11.2004
190 10.9104
199 10.7504
203 9.46763
239 9.19763
257 9.01483
303 8.36483
312 7.84803
442 7.69803
456 7.68803
498 7.57523
608 7.56053
617 7.39133
640 7.37802
703 7.36082
803 7.34285
976 7.26183
1269 7.25721
1435 7.25336
1506 7.25212
1525 7.25025
1534 7.24243
1571 7.23775
1677 7.20763
1853 7.18657
2202 7.18642
2265 7.17844
2343 7.17474
2409 7.17282
2491 7.16481
2813 7.16471
2859 7.16385
3739 7.16292
3818 7.16272
5026 7.16264
5397 7.16261
6061 7.16259
6340 7.16258
6831 7.16257
6933 7.16256
7142 7.16256
7213 7.16256
7919 7.16255
8235 7.16255
8773 7.16254
9163 7.16254
10237 7.16253
12267 7.16253
13735 7.16253
16862 7.16253
