 DIM = 12
1 34.3398
2 33.9686
9 33.9085
10 33.7404
15 32.3487
16 30.4152
22 27.2108
23 20.4325
28 18.4749
35 17.8912
36 16.9425
43 15.411
60 11.3146
72 10.3785
78 10.3116
84 7.74195
130 5.82751
153 4.84464
171 3.5269
179 3.45182
267 3.41635
278 3.22148
348 2.57067
351 1.9325
502 1.89332
526 1.80121
551 1.79506
603 1.79425
617 1.51024
738 1.46313
765 1.44733
1083 1.44357
1126 1.44156
1147 1.42867
1162 1.4134
1245 1.41048
1269 1.37647
1277 1.35031
1409 1.32167
1418 1.28983
1707 1.28467
1919 1.2707
1953 1.27067
1987 1.26814
2010 1.26614
2033 1.26
2056 1.25451
2202 1.25239
2303 1.20226
2343 1.18469
2813 1.17148
3221 1.16715
3273 1.09843
3291 1.08129
3603 1.04451
3622 0.995297
3941 0.962211
3961 0.941992
4351 0.90102
4824 0.79659
5397 0.792837
5424 0.773003
5452 0.772383
5508 0.771672
5564 0.74607
5620 0.706655
5735 0.659125
6000 0.638943
6277 0.635555
6308 0.623409
6831 0.59979
7880 0.58328
8235 0.581717
8646 0.566662
8688 0.551593
10188 0.53881
10237 0.537164
10435 0.536841
10485 0.528803
10687 0.521655
10738 0.51383
11156 0.505042
11209 0.493192
11370 0.489209
13995 0.487383
14529 0.484728
14666 0.472579
15224 0.471007
15655 0.461753
16706 0.4588
17497 0.454759
18664 0.454633
19098 0.453827
19186 0.453549
20086 0.452841
20179 0.452255
20458 0.448373
20551 0.44418
24212 0.442419
24322 0.43961
29128 0.436125
29391 0.433144
29656 0.430923
30057 0.429615
30192 0.426307
31014 0.423009
32287 0.420522
32431 0.41948
32576 0.418788
32868 0.411689
33015 0.404413
34519 0.402966
34827 0.399454
34982 0.397779
35610 0.393877
36248 0.392333
36409 0.387484
38398 0.385333
38739 0.384996
39083 0.379603
39957 0.374656
41030 0.369781
41393 0.367786
43068 0.357327
43258 0.35368
44807 0.353139
45005 0.345048
47647 0.34456
48066 0.338465
48489 0.335782
48702 0.333443
49998 0.325607
50217 0.31549
51777 0.313229
54560 0.311702
57236 0.310719
57736 0.305746
59005 0.302303
62158 0.30169
65757 0.298765
73883 0.298305
75166 0.298276
87719 0.29672
95543 0.29624
98018 0.296138
103156 0.295734
109016 0.295251
110413 0.295075
113740 0.294993
117662 0.294613
142281 0.29415
148394 0.294133
153467 0.294077
183749 0.293975
193994 0.293974
209973 0.293954
242822 0.293803
271529 0.293751
368222 0.293735
382061 0.293686
412964 0.293644
440870 0.293618
472539 0.29361
512650 0.293606
527460 0.293586
615465 0.293582
617965 0.293578
741371 0.293577
747383 0.29357
974943 0.293569
986762 0.293567
998721 0.293562
1006773 0.293561
1239997 0.293557
1244965 0.293555
1327180 0.293553
1364805 0.293552
1375746 0.293548
1520002 0.293544
1526072 0.293542
