 DIM = 6
1 2.32392e+06
5 2.18325e+06
6 1.85358e+06
7 1.31505e+06
9 570402
11 488311
12 377125
15 303211
18 153229
19 29895.8
24 3638.63
56 1890.5
59 1282.72
65 879.094
67 618.845
86 228.977
115 175.943
194 75.9735
289 71.795
292 68.9658
303 65.0206
406 60.8471
410 57.495
456 49.2483
460 46.6784
483 40.7991
486 36.7981
490 32.8009
494 24.5892
518 19.3633
543 17.6689
555 16.9759
590 16.6856
608 16.5294
612 15.2242
630 14.9609
668 14.7053
683 14.3091
693 14.2061
713 14.1596
718 14.0216
728 13.8518
738 13.2373
744 12.4402
781 11.4567
786 10.6572
803 10.5473
808 9.74959
825 8.63811
831 7.3529
854 7.12224
865 5.98893
871 4.90786
883 4.58141
889 4.11813
907 3.54051
938 3.08782
970 2.15756
976 1.94422
1069 1.49464
1076 1.26143
1111 1.06865
1118 0.910882
1199 0.610983
1333 0.598868
1367 0.590486
1418 0.556431
1435 0.539741
1470 0.534796
1600 0.531601
1619 0.527396
1628 0.521072
1832 0.469902
1864 0.430069
1886 0.385297
2045 0.372455
2104 0.369986
2165 0.353833
2316 0.298594
2519 0.279636
2986 0.251722
3085 0.236164
3118 0.231626
3434 0.226209
3527 0.193328
3859 0.16382
3879 0.143297
4630 0.119418
4654 0.114217
5103 0.108743
5735 0.105475
5881 0.105135
6000 0.103765
6764 0.103465
6899 0.100379
7393 0.097039
7540 0.09648
8604 0.096149
9297 0.095898
9387 0.095196
9433 0.095118
9479 0.094019
9524 0.093209
9756 0.093049
9804 0.092768
9946 0.091804
10042 0.091156
10188 0.090315
10237 0.090312
10286 0.088944
10335 0.088199
10998 0.087935
11050 0.08773
11209 0.087583
11316 0.086637
11370 0.086238
11699 0.086225
11811 0.08601
12442 0.085901
13417 0.085862
15728 0.085439
15875 0.085347
16098 0.085343
16862 0.085332
17019 0.085181
18072 0.084881
18239 0.084776
18408 0.083681
20458 0.083317
20551 0.082844
21808 0.081696
21908 0.080845
24766 0.080823
25105 0.080445
25447 0.080125
25563 0.079651
27849 0.078594
27974 0.078137
28482 0.078067
28610 0.077868
29259 0.077373
29391 0.077353
30057 0.077343
30328 0.077022
30600 0.076798
30875 0.076195
31014 0.075915
31715 0.075884
32287 0.075636
32722 0.075488
33459 0.074908
33609 0.074487
34213 0.074324
34365 0.073902
34827 0.072966
34982 0.072438
35295 0.072024
35452 0.071135
35610 0.071029
35768 0.069893
36087 0.069394
36248 0.068222
36571 0.067625
36734 0.066966
37061 0.065405
37225 0.063544
38398 0.061813
38739 0.060162
38911 0.060047
39257 0.059717
39957 0.056565
