 DIM = 12
1 2.05938e+07
14 5.16298e+06
15 37356.2
27 12041
42 5577.23
58 3949.62
59 2833.45
62 1480.82
153 744.325
186 707.623
199 647.548
203 167.814
262 129.883
449 124.589
547 115.95
572 114.475
654 114.344
683 95.8503
1009 77.5889
1042 75.4077
1049 57.6411
1383 40.8069
1435 39.719
1506 37.5163
1619 17.9009
1832 15.409
1843 14.451
1886 4.30712
2752 3.92805
2797 3.83029
2828 3.63622
3035 3.5987
3102 3.30472
3186 3.29006
3221 3.23984
3256 3.15568
3291 3.1481
3453 3.12831
3490 3.08889
3603 2.80045
3622 2.66507
4240 2.56136
4419 2.5196
4442 2.50344
4654 2.46286
4678 2.44677
4702 2.31522
4726 2.16374
4874 2.10922
5452 2.08793
5706 2.05049
6030 2.00949
6797 1.99887
6968 1.99195
7142 1.88595
7178 1.8454
8988 1.83432
9387 1.82853
9617 1.82077
9804 1.81461
10090 1.80286
10585 1.7902
10945 1.73501
10998 1.73135
11050 1.7034
11263 1.69616
11534 1.67331
11699 1.64753
11755 1.63207
11980 1.60203
15438 1.59846
15655 1.5662
15875 1.51102
15949 1.50283
16629 1.4987
18323 1.43822
18408 1.43412
19098 1.43393
19274 1.3704
19363 1.34576
20364 1.33052
20458 1.2271
22824 1.21671
22928 1.13302
25105 1.12738
27475 0.991553
27599 0.911443
27724 0.901359
27849 0.768422
34519 0.740621
35295 0.712715
35927 0.609122
36087 0.573339
41944 0.556635
44026 0.552933
53384 0.550316
57236 0.515755
62428 0.504046
72621 0.488727
73883 0.478383
88095 0.478254
91942 0.477337
109016 0.476595
109945 0.475859
120179 0.474892
130779 0.472754
136413 0.472212
137567 0.470833
147771 0.467131
175492 0.465716
178452 0.462222
179200 0.459669
193187 0.458418
193994 0.456643
194805 0.456415
195619 0.452944
203095 0.452735
204794 0.45246
206506 0.45086
208233 0.449117
209101 0.447332
213496 0.446965
216177 0.443179
217077 0.43968
220716 0.438669
221635 0.433734
229123 0.432252
233927 0.427508
234899 0.422566
240817 0.421624
241817 0.417155
247905 0.413695
248934 0.409025
252046 0.40749
253092 0.401736
258384 0.401398
260531 0.400884
262695 0.400008
264877 0.391206
265974 0.382893
279495 0.379676
280651 0.370459
293684 0.367122
294897 0.366692
296116 0.363986
297339 0.360547
299801 0.356761
301039 0.355917
304784 0.351294
308574 0.347952
309847 0.344015
311126 0.340432
312410 0.333463
313699 0.333126
314993 0.326169
318907 0.324398
322868 0.313786
324199 0.303397
329577 0.301681
330935 0.298485
333667 0.288244
343405 0.278337
344818 0.270869
362230 0.269949
365214 0.25836
368222 0.253895
372780 0.24949
380499 0.246382
385205 0.235021
411278 0.231589
451803 0.225456
502321 0.220839
549347 0.220237
565193 0.21963
620475 0.218525
630615 0.21385
672823 0.213046
675551 0.213041
681040 0.209929
683800 0.206791
720701 0.206304
723619 0.204608
732442 0.202777
735407 0.199567
756490 0.199489
765707 0.19925
771912 0.196385
784470 0.196369
850328 0.196277
871122 0.195913
903251 0.195818
914217 0.195686
917901 0.195628
936541 0.195499
951720 0.195452
1006773 0.195391
1153815 0.195018
1172443 0.194656
1191366 0.194224
1472294 0.193662
1526072 0.193153
1532165 0.193041
1556778 0.192997
1600790 0.192993
1613588 0.19262
1652588 0.19227
1672434 0.192091
