 DIM = 11
1 9.60594
4 9.57722
9 9.50859
16 9.34666
20 8.72892
23 8.21044
72 8.12671
75 7.61631
86 7.50208
100 7.42478
105 7.33324
107 6.856
143 6.63158
153 6.57655
159 5.68284
232 5.42691
249 5.40977
275 5.14223
289 4.92454
442 4.73267
502 4.60406
518 4.48722
644 4.36117
749 4.21787
901 4.18032
944 4.14921
970 4.12544
989 3.47647
1015 3.40026
1069 2.50176
1118 2.20511
1418 2.11718
1497 2.11195
1525 2.0926
1853 1.89585
2227 1.70638
2396 1.47187
2813 1.46927
2859 1.46375
2970 1.44208
2986 1.43039
3085 1.42219
3152 1.41846
3238 1.39488
3380 1.37343
3527 1.36197
3603 1.34628
3622 1.34201
3839 1.33772
3879 1.33484
3982 1.32207
4088 1.3158
4131 1.31274
4174 1.30439
4306 1.30293
4374 1.27618
6061 1.26968
6122 1.26674
6697 1.2608
6831 1.25709
6933 1.25656
7142 1.25192
7213 1.25126
7430 1.25059
7503 1.24915
7652 1.2486
7804 1.24636
8155 1.24523
8195 1.24329
8316 1.23832
8356 1.23781
8646 1.23589
9075 1.23254
10188 1.22697
11755 1.22391
11980 1.22161
12209 1.21957
12501 1.21856
14942 1.21838
15582 1.21781
15655 1.21697
16248 1.21672
16399 1.21631
16940 1.21522
17417 1.21517
18493 1.21436
18664 1.21419
20551 1.21396
20835 1.21355
21414 1.21157
22109 1.20962
22413 1.20932
22515 1.20854
22618 1.20848
24654 1.20804
24766 1.20639
25105 1.20395
29391 1.20314
30464 1.20086
35768 1.20046
37557 1.19928
38739 1.19885
39605 1.19778
40490 1.19774
41576 1.19657
44220 1.1958
45005 1.19575
46004 1.19474
46206 1.19359
46410 1.19269
51777 1.19252
60038 1.19141
61622 1.19062
62428 1.18867
68365 1.18453
70462 1.18208
73249 1.18029
84766 1.17969
85495 1.17546
95136 1.17519
95543 1.1741
97601 1.17355
98018 1.17283
104037 1.17257
107635 1.1719
115196 1.1717
134698 1.17109
136413 1.17096
138148 1.17046
139905 1.17028
140495 1.17021
141088 1.16979
141684 1.16903
148394 1.16893
149019 1.16824
152823 1.16812
154112 1.1679
166197 1.16767
184518 1.16757
216177 1.16732
235876 1.16727
245859 1.16721
246880 1.16717
268183 1.16711
269293 1.16705
273782 1.16697
276053 1.16697
288878 1.16691
291271 1.16691
294897 1.16688
299801 1.16685
306042 1.16677
311126 1.1667
347663 1.1666
375849 1.16655
388373 1.16652
402951 1.16649
421494 1.16643
423221 1.16642
431957 1.16633
433726 1.16625
453651 1.16623
455506 1.16611
470616 1.166
472539 1.16599
476408 1.16597
484238 1.16594
486216 1.16591
508493 1.16581
510567 1.16571
525319 1.16564
527460 1.16552
540488 1.16547
542689 1.1654
547119 1.16528
549347 1.16519
551584 1.16511
558348 1.16502
586226 1.1648
633176 1.16479
712016 1.16456
762622 1.16429
790824 1.16427
816749 1.16417
896012 1.16417
910547 1.16416
921600 1.16411
