 DIM = 3
1 10600
3 8815.91
4 5509.52
6 4425.88
9 2500
13 1309
16 463.28
21 404
23 129
28 24.4073
58 14.3419
70 11.3791
72 9.32553
76 4.96518
86 4.47053
89 4.31271
92 3.00581
98 2.82419
115 2.5773
117 2.44697
122 2.15079
124 2.05754
130 1.99449
139 1.92665
143 1.8369
145 1.82603
149 1.63637
151 1.53326
157 1.3023
159 1.15931
169 0.830743
171 0.650187
177 0.34547
179 0.174332
201 0.120823
213 0.112918
227 0.10242
229 0.065825
260 0.016145
286 0.00498
292 0.003035
323 0.002397
329 0.000841
360 5.7e-05
386 3e-06
417 0
