 DIM = 6
1 70.5752
4 66.916
6 62.4204
9 38.5399
11 25.333
16 7.69438
23 5.99648
48 2.31175
126 1.00437
143 0.837566
147 0.740534
151 0.415749
167 0.381551
194 0.254864
199 0.225988
213 0.073278
232 0.071741
239 0.053747
244 0.046481
249 0.0264
257 0.020043
267 0.011294
289 0.007945
303 0.00687
309 0.00533
318 0.003645
323 0.002671
351 0.002003
363 0.001734
370 0.001004
410 0.00073
445 0.000707
486 0.000689
538 0.000682
547 0.000674
594 0.00067
738 0.000666
744 0.000659
754 0.000655
765 0.000654
781 0.000651
786 0.000649
865 0.000642
938 0.000641
1022 0.000635
1035 0.000623
1199 0.000621
1383 0.000609
1392 0.000584
1687 0.000581
1748 0.000574
1843 0.000569
1853 0.000563
1908 0.000561
1919 0.000559
1953 0.000555
1964 0.00055
2010 0.000549
2021 0.000542
2165 0.000537
2177 0.000532
2202 0.000529
2214 0.000525
2252 0.000524
2265 0.000523
2278 0.000518
2329 0.000516
2356 0.000512
2463 0.00051
2519 0.000509
2633 0.000508
2648 0.000507
2707 0.000506
2721 0.000504
2813 0.000502
2828 0.000501
2922 0.000499
3035 0.000498
3362 0.000497
3622 0.000491
3641 0.000489
3680 0.000482
4131 0.00048
4152 0.000477
4465 0.000476
4800 0.000473
5343 0.000471
5370 0.000468
5424 0.000464
5764 0.000459
5851 0.000451
7285 0.000444
7321 0.000442
7540 0.000439
7614 0.000435
7842 0.000426
7880 0.000419
8076 0.000412
9119 0.000411
9208 0.00041
9297 0.000406
9387 0.000405
9479 0.000404
10636 0.000396
10738 0.000393
10893 0.000392
11103 0.000384
11156 0.000377
11534 0.000373
11589 0.000372
11699 0.000369
12325 0.000367
12442 0.000365
12739 0.000364
12982 0.000363
13105 0.000359
13166 0.000356
13543 0.000354
13607 0.000352
13671 0.000351
13735 0.000349
13930 0.000346
14061 0.000343
14127 0.000342
14194 0.000337
15582 0.000331
17417 0.000329
18578 0.000327
19721 0.000322
19812 0.000321
22618 0.00032
22824 0.000319
24102 0.000318
25563 0.000316
