 DIM = 4
1 22.8852
5 14.0211
8 12.2361
16 11.0461
18 7.59607
19 6.32607
28 2.67395
51 2.60482
53 1.6014
72 1.08833
92 0.121706
159 0.094148
192 0.048
217 0.042743
262 0.040793
273 0.026794
312 0.025281
360 0.016702
445 0.012359
449 0.010495
464 0.009356
479 0.008379
486 0.00535
490 0.005319
506 0.004515
518 0.003719
526 0.003278
534 0.003078
547 0.002315
555 0.001551
564 0.001226
693 0.000885
723 0.000428
738 0.000239
865 0.000152
944 0.000143
970 6.4e-05
1104 4.7e-05
1367 3e-05
1383 2.7e-05
1401 2.4e-05
1590 2.1e-05
1619 2e-05
1658 1.8e-05
1875 1.7e-05
2227 1.6e-05
2547 1.5e-05
2561 1.4e-05
