 DIM = 10
1 0.35386
66 0.334354
82 0.333594
84 0.299304
108 0.297013
112 0.293932
121 0.290263
126 0.251599
155 0.249721
169 0.244381
190 0.242933
199 0.227912
225 0.223308
244 0.220167
249 0.216968
257 0.215607
267 0.20783
300 0.207616
309 0.205284
367 0.202762
386 0.198909
464 0.198458
471 0.197907
483 0.197834
490 0.197404
754 0.196548
775 0.196432
786 0.19614
820 0.195316
842 0.193863
848 0.193233
901 0.19312
907 0.192704
913 0.192027
919 0.191527
938 0.191336
944 0.191139
957 0.189936
963 0.188541
982 0.187576
989 0.18574
995 0.184849
1002 0.180916
1133 0.178344
1245 0.177577
1285 0.177064
1342 0.176235
1392 0.175811
1506 0.175226
1590 0.174705
1697 0.174568
1738 0.174376
1758 0.174365
1811 0.173978
2369 0.173916
2409 0.172775
2423 0.171958
2619 0.171931
2677 0.171422
2828 0.171017
2843 0.170998
2859 0.17085
3085 0.170776
3152 0.170734
3169 0.170699
3204 0.17051
3273 0.170265
3508 0.169986
3546 0.169945
3739 0.169738
3818 0.169714
4849 0.169347
5077 0.168732
5103 0.168627
5620 0.168591
6030 0.168435
6061 0.168408
6308 0.168301
6598 0.168295
6631 0.168244
6831 0.168213
6899 0.168201
6933 0.16818
7002 0.16817
7285 0.167981
7357 0.167846
7393 0.167683
7804 0.167615
8036 0.167523
8076 0.167322
8275 0.167189
8316 0.167051
8479 0.166898
8520 0.166574
8730 0.166549
8773 0.166277
8815 0.16627
8858 0.165812
8944 0.165809
8988 0.165215
9252 0.1648
9297 0.163888
9524 0.16367
9570 0.162642
9756 0.162268
9804 0.16104
9994 0.161001
10042 0.159575
10139 0.159556
10237 0.159278
10335 0.158832
10435 0.158408
10535 0.158123
11867 0.157539
12679 0.157015
14942 0.156983
15510 0.156933
15655 0.15687
16552 0.156852
16784 0.156751
17417 0.156593
17823 0.156557
17906 0.156552
21414 0.156528
23885 0.156525
24212 0.15652
24322 0.156512
24879 0.156471
25795 0.156462
27724 0.156446
32000 0.156391
32143 0.156331
33459 0.156311
33609 0.156239
34982 0.156163
36734 0.156142
38568 0.156134
40311 0.156131
40669 0.156113
41944 0.156082
43068 0.156047
45802 0.156036
47439 0.155989
47647 0.155973
49562 0.15596
51327 0.155935
51552 0.155923
52920 0.15592
53617 0.155913
54560 0.155895
54798 0.155889
55278 0.155871
55519 0.155849
56494 0.155835
56741 0.155779
57988 0.155767
58240 0.155702
59519 0.15565
59778 0.155544
61090 0.155536
61355 0.155414
62158 0.155404
62428 0.155237
63520 0.155232
63795 0.15507
64629 0.155068
64909 0.154852
65757 0.154792
66042 0.154524
66904 0.154497
67194 0.154134
68071 0.154126
68661 0.153986
69556 0.153936
71998 0.153885
77130 0.153861
77796 0.153787
80861 0.153593
84404 0.153189
90384 0.153162
91942 0.153051
107179 0.152912
109945 0.152821
111827 0.152809
117165 0.152605
139905 0.15258
154112 0.152578
156066 0.152479
172580 0.152454
174759 0.152444
175492 0.152408
182983 0.152386
197257 0.152312
198081 0.152235
209973 0.152231
210849 0.152147
215280 0.152102
216177 0.15196
222558 0.151892
223485 0.151724
227228 0.151705
228174 0.15156
231993 0.151456
232958 0.151351
233927 0.151299
234899 0.151222
248934 0.151079
249967 0.150956
282978 0.150951
284148 0.150935
287688 0.150863
288878 0.150795
312410 0.150656
368222 0.150645
374311 0.150632
398033 0.150624
402951 0.150618
409600 0.150601
419774 0.150597
433726 0.150584
435501 0.15058
439073 0.150576
466793 0.150557
470616 0.150552
472539 0.150535
482269 0.150522
502321 0.150512
