 DIM = 5
1 5.83904e+06
5 5.82498e+06
6 5.78297e+06
8 5.68514e+06
9 5.39179e+06
10 4.50871e+06
14 4.40808e+06
18 3.44361e+06
24 3.0371e+06
30 2.77156e+06
32 2.69683e+06
36 2.22231e+06
38 1.62253e+06
40 1.2251e+06
49 820238
65 802897
72 747550
79 734089
84 722546
87 680631
94 607111
97 594073
124 594048
128 568622
132 538239
139 537133
194 436352
197 322719
234 187083
281 131259
360 101995
373 90820.9
417 81028.2
427 74795
438 39222.6
518 29097
654 26748.9
770 23232.6
803 23163.7
808 17952.6
860 17902.5
1015 16084.4
1028 14864.6
1042 12084.5
1055 11159
1118 9514.93
1133 8535.19
1147 7748.06
1169 5966.45
1207 5623.16
1222 4655.15
1245 4212.05
1269 3538.58
1426 1986.94
1581 1702.24
1677 1563.25
1769 1099.87
1821 1034.88
1930 728.143
2477 595.526
2519 580.456
2561 511.707
2604 472.298
2677 395.346
2797 341.895
3035 323.797
3102 301.05
3169 299.666
3204 294.1
3238 282.109
3546 210.842
4045 209.129
4088 207.753
4174 198.087
4397 196.598
4465 152.792
4489 144.195
4849 78.0968
4924 48.5165
5535 37.4284
5592 33.8822
5793 28.6922
5851 20.3828
7037 19.6821
7142 19.4789
7690 18.5964
7727 18.079
7880 17.8868
7919 17.1849
8036 16.1331
8076 15.6185
8195 15.4872
8356 14.2403
8604 12.3437
8815 10.6858
11156 10.5543
11263 10.1359
12209 10.0572
13543 10.0128
13671 9.97232
13800 9.88872
14061 9.84921
14804 9.82319
15224 9.79334
15510 9.7855
16098 9.78115
16324 9.78106
16629 9.77819
17098 9.7767
17417 9.77368
17741 9.77075
19541 9.76407
