 DIM = 3
1 1.69338e+09
6 7.92544e+08
8 2.04379e+07
26 1.27598e+07
33 7.12621e+06
36 1.58948e+06
82 1.49548e+06
86 696154
89 111111
100 76708.7
107 45374.6
128 27242.5
132 19786.2
203 19642.2
210 19179.6
217 18922.5
232 18777.4
242 18680.9
267 18665.4
297 18435.8
335 18399.4
351 18327.2
363 18323.3
417 18271.2
420 18207.8
449 18116.5
522 18068.5
526 18026.1
572 17974.6
612 17816.8
654 17668.2
708 17614.7
713 17516
718 16820.7
814 16690.6
825 16376.8
901 16272.8
1015 16155.9
1042 16034.5
1049 15978
1177 15897.8
1199 15804.8
1277 15731.2
1350 15523
1426 15082
1571 14956.7
1600 14930
1930 14830.1
2033 14785.5
2056 14779
2080 14682.6
2092 14635.5
2116 14595.4
2252 14372.4
2409 14193.4
2859 14174.2
2890 13998.8
2922 13830
3068 13819.6
3118 13750.8
3308 13479.8
3778 13279.2
3818 13126
3839 12802.4
4045 12678.6
4088 12429.6
4654 12243.4
4678 12225.3
