4984937.657583
4993115.777417
5144373.560570
5119007.194470
5093703.522600
5068462.544959
5043284.261549
4993115.777417
4941736.935045
4841186.348880
4887963.804807
4849133.610788
4814420.439729
4700205.455162
4749215.162024
4722191.866303
4651319.176732
4486043.851540
4507904.189699
4509358.046215
4443435.679667
4240865.049047
4285796.569754
4246694.673273
4132893.925384
3850918.123859
3916923.668220
3938224.492023
3777197.797047
3430869.607785
3501589.391766
3471069.744003
3305285.190841
2879635.337388
2938154.380354
2933701.539926
2690290.466305
2165173.562437
2307009.903375
2273246.997797
2002033.798449
1416216.730493
1532593.270179
1531761.414135
1219119.893620
639726.980065
749124.811796
731591.759231
461383.868977
70182.995831
138236.577455
127999.294868
11215.918359
211947.235527
24148.904065
14997.039877
153361.873626
457558.790542
94686.795035
290047.688538
25285.585395
141486.711885
34175.767481
169564.747852
27371.497895
151266.418939
17826.192670
88470.300754
15460.138765
55081.879155
6390.392389
57527.991288
4126.313312
22030.469612
53604.135472
3446.155362
17244.047652
22871.234334
3888.675713
28488.060254
3175.099975
19186.061696
3440.942806
25579.178685
2695.080880
12893.755714
2617.758947
9159.262601
1306.158236
7743.696731
692.858232
4070.804361
957.597383
4637.988309
737.495591
5426.894340
662.246536
4181.543694
689.331448
4562.104185
493.173060
3172.688051
596.860984
1995.728891
261.521988
1276.099299
211.331076
1264.489711
139.220974
817.061796
165.863432
1219.407380
127.534583
749.217773
162.273359
868.131518
127.675692
701.291153
108.106297
367.603106
61.423941
308.173339
49.984332
228.758135
42.047893
284.106174
36.125952
150.926151
40.844873
236.417644
29.087633
130.814370
38.857369
138.659014
30.972915
92.554525
19.562223
60.549871
18.698391
64.014849
15.718293
47.786658
16.810577
55.671690
15.387315
44.407011
15.520201
43.854816
13.828754
34.515440
14.069991
25.858435
11.666044
20.862291
11.839803
20.966503
11.187040
17.364224
11.157123
19.182783
10.921528
16.809487
11.098721
16.953178
10.642143
14.671736
10.773047
12.882134
10.264193
12.315453
10.258509
11.897089
10.136061
11.620596
10.151876
11.773497
10.118159
11.263658
10.105953
11.301255
10.052556
10.857824
10.049911
10.509769
9.954817
10.357112
9.967137
10.318473
9.934668
10.207631
9.939702
10.267483
9.928132
10.163441
9.933715
10.167943
9.915329
10.085175
9.922150
10.012085
9.900843
9.978874
9.899799
9.980575
9.894643
9.943200
9.896456
9.958763
9.894575
9.944275
9.894045
9.941016
9.892324
9.925995
9.891421
9.909385
9.888086
9.905358
9.888112
9.902734
9.887233
9.898328
9.887039
9.900214
9.886846
9.896678
9.886996
9.896455
9.886432
9.893156
9.886433
9.890185
9.885594
9.888944
9.885702
9.888642
9.885442
9.887757
9.885462
9.888127
9.885413
9.887334
9.885436
9.887375
9.885293
9.886620
9.885362
9.886093
9.885162
9.885822
9.885151
9.885854
9.885106
9.885533
9.885130
9.885650
9.885117
9.885502
9.885122
9.885473
9.885107
9.885372
9.885092
9.885245
9.885060
9.885213
9.885060
9.885188
9.885055
9.885122
9.885058
9.885107
9.885052
9.885136
9.885050
9.885132
9.885050
9.885101
9.885048
9.885080
9.885039
9.885065
9.885041
9.885083
9.885039
9.885070
9.885039
9.885053
9.885040
9.885065
9.885038
9.885045
9.885035
9.885052
9.885061
9.885035
9.885041
9.885035
9.885034
9.885043
9.885033
9.885041
9.885046
9.885033
9.885030
9.885034
9.885033
9.885036
9.885032
9.885041
9.885031
9.885032
9.885032
9.885044
9.885030
9.885030
9.885031
9.885032
9.885030
9.885031
9.885028
9.885029
9.885029
9.885028
9.885026
9.885024
9.885025
9.885034
9.885027
9.885024
9.885025
9.885022
9.885019
9.885021
9.885020
9.885017
9.885013
9.885022
9.885016
9.885018
9.885009
9.885002
9.885009
9.885004
9.885017
9.885002
9.884999
9.884992
9.885009
9.884992
9.884989
9.884979
9.884992
9.884978
9.884964
9.884969
9.884968
9.884955
9.884933
9.884962
9.884936
9.884921
9.884885
9.884909
9.884904
9.884881
9.884838
9.884880
9.884832
9.884772
9.884807
9.884772
9.884767
9.884707
9.884703
9.884602
9.884642
9.884598
9.884480
9.884512
9.884459
9.884282
9.884351
9.884243
9.883988
9.884123
9.884011
9.883879
9.883515
9.883688
9.883496
9.883011
9.883211
9.882966
9.882269
9.882618
9.882319
9.881904
9.880888
9.881338
9.880912
9.880521
9.879138
9.879633
9.879160
9.878577
9.876782
9.877037
9.876819
9.876250
9.874518
9.874455
9.872359
9.873454
9.872628
9.871936
9.871667
9.871463
9.871368
9.871096
9.871424
9.871221
9.870805
9.870829
9.871395
9.871620
9.874155
9.870894
9.870808
9.871187
9.871253
9.870749
9.871146
9.871019
9.870752
9.870834
9.870765
9.870856
9.870814
9.870911
9.870759
9.870933
9.870748
9.870883
9.870739
9.870888
9.870749
9.870918
9.870745
9.870742
9.870771
9.870738
9.870754
9.870725
9.870735
9.870750
9.870727
9.870816
9.870741
9.870750
9.870734
9.870793
9.870720
9.870749
9.870736
9.870849
9.870745
9.870720
9.870720
9.870720
9.870725
9.870727
9.870728
9.870740
