112169.000000
112169.000000
113852.000000
113571.500000
113291.000000
113010.500000
112730.000000
112169.000000
111608.000000
110486.000000
111006.928571
110634.836735
110236.575802
108849.613703
109408.394002
109180.649432
108326.834984
106405.752476
106680.192834
106606.054052
105827.065122
103423.179316
103957.953090
103478.290255
102076.789346
98524.859304
99457.895247
99563.802520
97625.869436
93135.777128
94034.749484
93647.347840
91318.169985
85238.109850
86177.546791
86212.279093
82533.724607
74071.639286
76480.126260
75954.629444
71286.968689
60106.779113
62361.682825
62470.724784
55732.079370
40509.345659
43891.869399
43338.922458
34545.645849
13841.154052
19219.925940
18463.469343
6030.164593
22139.594523
7169.392987
5542.272526
30257.343488
18954.238436
33113.114236
14708.499262
21516.387432
9036.847597
24654.087239
8053.157017
20338.656643
8763.937847
19538.579708
6147.729520
14721.040341
6701.605454
10583.945927
4132.649216
11634.261500
3665.388010
8529.846229
3908.406206
8577.792707
3233.596563
8130.692024
2994.531084
7329.574551
2779.403502
7364.196161
2682.574405
6557.054366
2518.440803
5017.035951
1846.227924
4667.057793
1765.540206
4457.287342
1635.719172
3831.787441
1468.250562
3670.277819
1329.328858
3276.437442
1266.443266
3312.688371
1184.758711
2945.240983
1153.520356
2275.355824
816.831987
2073.090076
806.882636
2024.912676
721.561210
1703.574707
676.294245
1665.897028
581.522387
1456.722426
586.651843
1499.453995
514.760060
1314.318183
537.560721
1041.860648
353.789278
912.151536
378.124093
929.345254
310.619497
749.118441
320.941073
735.393402
257.140532
671.255948
270.257116
677.223882
234.864571
588.062404
241.115009
480.412536
164.534289
397.817262
168.303417
414.796496
138.109725
343.232582
149.748168
337.514364
121.416892
296.007666
120.062778
303.719691
108.228894
268.079763
110.362763
212.073164
77.242395
187.224873
78.015513
189.870790
69.116807
154.544516
66.465047
155.995803
56.827653
132.953633
58.445541
137.977303
49.887160
123.036896
55.060129
98.720857
35.706459
85.444557
41.861261
85.424091
36.366922
75.582510
33.088998
74.849161
27.268063
60.354328
33.323745
65.560299
31.123996
58.343201
25.264823
47.375098
26.086788
44.647080
23.163753
39.030185
20.036779
40.346099
22.035676
36.336592
18.875757
37.087144
21.261433
30.360983
16.725515
29.413256
19.467431
28.563476
16.238825
24.147810
18.504473
24.198087
17.868724
24.693657
17.390546
21.332385
15.735756
21.152514
16.824247
20.487996
15.601700
18.886079
16.521998
18.531788
16.243727
18.339440
16.014697
17.690945
15.799844
17.262136
15.535174
16.941572
15.715190
16.737454
15.614459
16.550395
15.496587
16.232641
15.558420
16.013091
15.481983
15.901574
15.430713
15.873477
15.467062
15.774596
15.432261
15.660999
15.421102
15.679595
15.418176
15.582344
15.409988
15.579173
15.397618
15.498994
15.402373
15.504757
15.391139
15.467847
15.387801
15.446754
15.389292
15.446017
15.382214
15.429051
15.387408
15.427053
15.377241
15.415556
15.386247
15.405827
15.375755
15.405648
15.385336
15.391259
15.376591
15.388182
15.383840
15.390897
15.383389
15.389405
15.382604
15.388839
15.381953
15.384693
15.381071
15.385607
15.380680
15.384590
15.380150
15.384003
15.376002
15.380702
15.386022
15.378917
15.381338
15.375598
15.384140
15.378732
15.383599
15.378366
15.378940
15.377711
15.379404
15.377545
15.378834
15.377304
15.376497
15.379359
15.376657
15.379111
15.376490
15.377445
15.375224
15.375602
15.377457
15.376052
15.376769
15.375183
15.376909
15.376008
15.375062
15.377372
15.376137
15.375690
15.376498
15.375665
15.375542
15.376268
15.375444
15.376433
15.375416
15.375632
15.375054
15.376127
15.375383
15.375608
15.375058
15.375312
15.375793
15.375266
15.375796
15.375242
15.375361
15.375036
15.375186
15.375430
15.375156
15.375435
15.375143
15.375219
15.375023
15.375230
15.375124
15.375153
15.375013
15.375254
15.375092
15.375214
15.375081
15.375090
15.375007
15.375131
15.375053
15.375084
15.375010
15.375009
15.375060
15.375037
15.375076
15.375035
15.375008
15.375053
15.375024
15.375063
15.375023
15.375016
15.375043
15.375015
15.375052
15.375014
15.375019
15.375002
15.375011
15.375029
15.375009
15.375027
15.375008
15.375012
15.375001
15.375016
15.375007
15.375012
15.375006
15.375011
15.375001
15.375006
15.375008
15.375006
15.375002
15.375015
15.375005
15.375010
15.375004
15.375007
15.375001
15.375010
15.375004
15.375006
15.375003
15.375003
15.375009
15.375002
15.375003
15.375002
15.375003
15.375000
15.375002
15.375000
15.375005
15.375002
15.375001
15.375000
15.375001
15.375001
15.375000
15.375001
15.375001
