8.136000
6.600000
6.100000
4.636000
2.994000
2.494000
3.491000
4.244000
2.866000
3.366000
2.407250
3.781250
2.287359
2.333984
2.885938
2.085035
2.167848
2.450062
2.140546
2.189140
2.095923
2.215752
2.080872
2.075466
2.100271
2.137880
2.053763
2.044185
2.053321
2.080040
2.060598
2.064431
2.053163
2.046646
2.035802
2.034170
2.045524
2.042107
2.034259
2.027771
2.023262
2.020788
2.014393
2.011793
2.013231
2.001221
1.991565
2.000355
1.981152
1.971289
1.987272
1.947055
1.946626
1.992410
1.950049
1.924707
1.914468
1.965950
1.932681
1.911237
1.934125
1.890357
1.893360
1.901908
1.874294
1.888682
1.913811
1.870410
1.853019
1.844968
1.897952
1.862643
1.839375
1.840585
1.818671
1.807559
1.828321
1.823737
1.792195
1.774866
1.842334
1.803711
1.792636
1.764789
1.754573
1.756582
1.723759
1.735187
1.786671
1.727072
1.709455
1.732592
1.700194
1.705050
1.699250
1.720916
1.683879
1.698137
1.681797
1.701991
1.674812
1.698473
1.657093
1.675817
1.672995
1.625141
1.642394
1.721888
1.648470
1.649936
1.642125
1.617446
1.619647
1.651430
1.631229
1.635451
1.625838
1.627403
1.623158
1.617639
1.612663
1.608732
1.607410
1.602501
1.597989
1.594619
1.586878
1.580652
1.597323
1.589230
1.579689
1.580090
1.568605
1.558360
1.561147
1.552909
1.579748
1.594417
1.553589
1.534894
1.526683
1.543483
1.507101
1.506016
1.528748
1.518846
1.525223
1.515336
1.505929
1.506215
1.494362
1.484240
1.486017
1.480823
1.514887
1.519139
1.478727
1.460910
1.455481
1.466558
1.440244
1.429050
1.440119
1.408065
1.420603
1.437773
1.425878
1.419593
1.403603
1.400104
1.378794
1.381305
1.387932
1.356840
1.366235
1.414148
1.374331
1.362757
1.342203
1.327068
1.377718
1.351046
1.331022
1.309488
1.295299
1.322844
1.267396
1.263920
1.302980
1.283304
1.298308
1.278646
1.258128
1.285475
1.244660
1.233470
1.260793
1.246712
1.220513
1.226280
1.239601
1.230606
1.226335
1.214041
1.206818
1.201079
1.231035
1.187303
1.174939
1.212634
1.195712
1.184639
1.174489
1.183126
1.158559
1.158692
1.168732
1.146571
1.141957
1.206522
1.154812
1.134042
1.129741
1.116129
1.120626
1.120357
1.088219
1.073823
1.165967
1.100790
1.089121
1.065588
1.064527
1.050854
1.076602
1.061710
1.006110
1.030185
1.128534
1.032800
1.037098
1.024958
0.996292
0.993778
1.054019
1.007832
1.027766
0.999492
0.977307
0.970880
0.955216
0.946989
0.972240
0.959912
0.956610
0.939547
0.932819
0.929864
0.972350
0.909274
0.904233
0.926433
0.888120
0.927108
0.961891
0.878538
0.856579
0.854928
0.934146
0.869874
0.841996
0.848822
0.816201
0.799121
0.823906
0.795499
0.813259
0.792342
0.832256
0.778470
0.813868
0.774183
0.814668
0.772821
0.825856
0.744647
0.785701
0.778549
0.732631
0.840292
0.740497
0.761980
0.726286
0.773782
0.729724
0.723568
0.725692
0.718969
0.725315
0.718384
0.721713
0.710681
0.716775
0.714172
0.701421
0.707263
0.731596
0.707707
0.703990
0.695550
0.689859
0.708886
0.699126
0.690985
0.682629
0.676047
0.682500
0.663926
0.657633
0.664205
0.663379
0.653556
0.651446
0.642888
0.671517
0.639878
0.643858
0.644645
0.632713
0.638184
0.625147
0.631000
0.630927
0.628253
0.620190
0.614837
0.638890
0.623349
0.616374
0.607471
0.600363
0.606636
0.585050
0.575790
0.583045
0.563429
0.558252
0.539817
0.537218
0.549909
0.508372
0.497275
0.570990
0.522875
0.556446
0.506526
0.476553
0.488194
0.485301
0.454182
0.452230
0.537910
0.466711
0.444934
0.457831
0.414455
0.398054
0.437472
0.412571
0.381080
0.425329
0.467577
0.391573
0.367718
0.373199
0.364820
0.379323
0.353492
0.370486
0.338930
0.350503
0.348895
0.306821
0.312055
0.392935
0.328391
0.329132
0.322228
0.300926
0.288358
0.323932
0.309522
0.309925
0.303172
0.287888
0.283720
0.274090
0.271079
0.288989
0.278588
0.263604
0.257810
0.276026
0.266907
0.257029
0.256595
0.241105
0.228733
0.247178
0.213981
0.194789
0.231084
0.197264
0.163852
0.145385
0.178824
0.162997
0.113490
0.133474
0.203562
0.140724
0.129993
0.099102
0.082400
0.143782
0.111266
0.103470
0.085409
0.056958
0.087730
0.113363
0.074311
0.055127
0.051758
0.027563
0.016687
0.098542
0.038823
0.072072
0.036599
0.019470
0.015279
0.036205
0.035393
0.005532
0.030056
0.007171
0.020435
0.007106
0.013871
0.002180
0.009584
0.003027
0.007466
0.002474
0.002629
0.001189
0.004891
0.000614
0.002603
0.001009
0.001011
0.000464
0.001478
0.000390
0.001156
0.000172
0.000373
0.000509
0.000169
0.000308
0.000138
0.000305
0.000052
0.000257
0.000062
0.000108
0.000047
0.000090
0.000024
0.000102
0.000014
0.000041
0.000019
0.000043
0.000008
0.000021
0.000009
0.000018
0.000006
0.000005
0.000012
0.000008
0.000005
0.000011
0.000003
0.000007
0.000004
0.000010
0.000004
0.000006
0.000004
0.000003
0.000003
