39.634976
24.200000
20.050000
10.809616
5.161796
4.497796
6.244241
9.058256
4.796116
5.892116
4.381360
7.258789
4.245273
4.217625
4.441353
4.813049
4.211291
4.149769
4.135560
4.384003
4.163494
4.073881
4.012727
3.987015
3.937381
3.771176
3.602606
3.708852
3.466221
3.706250
3.313800
3.216055
3.164913
3.770005
2.847556
2.706869
2.941069
2.220943
2.002182
3.062617
2.416394
3.784477
2.372062
1.953075
1.815434
2.133555
1.734814
1.491678
1.316972
1.730846
1.422698
1.159504
1.740651
2.216243
1.076739
0.883492
1.362551
1.428775
0.995376
0.775320
0.669165
1.139128
0.856990
0.722926
0.536729
0.707995
0.743929
0.635885
0.492491
0.423294
0.584273
0.463984
0.398527
0.534121
0.340105
0.314470
0.344244
0.222046
0.190317
0.570830
0.246559
0.205220
0.136960
0.312435
0.194920
0.147226
0.181226
0.113128
0.428663
0.110530
0.102340
0.126937
0.150130
0.101184
0.088404
0.079497
0.099798
0.083709
0.062683
0.056929
0.095189
0.068547
0.044504
0.034485
0.028346
0.017953
0.038986
0.016947
0.004015
0.009970
0.032683
0.010774
0.006515
0.000370
0.008906
0.009344
0.002639
0.000440
0.003495
0.000967
0.000538
0.000059
0.001788
0.000034
0.000316
0.000089
0.000083
0.000019
0.000123
0.000008
0.000143
0.000003
0.000008
0.000001
0.000022
0.000001
0.000009
0.000000
0.000004
0.000000
0.000001
0.000000
0.000000
0.000000
0.000000
0.000000
0.000000
