4989195.000000
4989195.000000
5140334.010000
5114987.562500
5089703.760000
5064482.602500
5039324.090000
4989195.000000
4939316.490000
4840311.210000
4886153.296378
4853386.901891
4818438.194905
4697713.414974
4746166.873401
4726388.468675
4652606.849272
4488720.392201
4511952.840424
4505670.791137
4439928.786505
4240101.167083
4284157.342674
4244630.838487
4130190.050744
3847158.326108
3920533.528706
3928906.022635
3777116.210291
3436917.034637
3503743.954339
3474866.776778
3303767.230251
2877485.119420
2941427.914338
2943805.438890
2697334.064637
2171254.145327
2315183.241661
2283386.086177
2010601.638465
1427752.042738
1537293.482444
1542693.272199
1226778.453005
646209.847990
759269.657074
740164.709257
469064.277832
73869.339771
143719.431678
132503.910952
13448.001704
198972.125887
21724.925182
13210.806228
369698.797724
146313.310326
442234.877009
88684.945845
297651.695793
22654.362904
134939.168967
32670.614780
257940.198984
21334.895352
78811.693716
18530.792709
107333.930918
14876.159830
44683.673359
6849.446530
40204.220668
3946.101916
49090.778641
3049.712223
16734.810485
38120.285047
2846.929247
14983.279183
3543.369181
21542.226945
3008.620753
25040.126931
2255.674432
14165.135400
3193.942941
8900.324675
1488.587893
6613.956678
724.807530
4305.401089
804.968920
5561.463693
571.257121
6766.612376
442.569089
2438.911537
5952.464508
437.374484
2075.572992
2690.984881
520.528067
3187.312453
409.690150
1966.607914
326.071047
1273.913206
160.180200
941.620694
164.198698
952.367146
111.790698
631.469492
124.696356
764.573279
86.145128
511.997182
107.988720
615.542998
88.094746
441.443586
76.185546
286.690466
36.480009
179.423860
45.158684
174.769166
33.172659
159.516644
30.249071
151.178590
29.745402
155.787666
22.935142
91.332666
28.314288
100.791468
23.744372
63.293939
16.784569
46.034854
15.473283
46.186012
14.346589
36.995519
14.219731
41.594698
13.624297
33.875240
13.862527
33.133140
12.399276
25.882054
12.803962
20.618225
11.206429
17.280423
11.076556
17.031767
10.720432
15.541077
10.816653
16.564388
10.603577
14.463601
10.719561
14.471014
10.438169
13.196918
10.420832
12.001676
10.130085
11.427691
10.139926
11.439732
10.051548
10.911308
10.068527
11.209093
10.039647
10.822490
10.036688
10.788241
9.984187
10.571109
9.998598
10.306431
9.928467
10.195762
9.935478
10.185680
9.915583
10.097941
9.918057
10.146148
9.909592
10.074295
9.915299
10.068486
9.902878
10.014928
9.903026
9.972447
9.890584
9.938705
9.891378
9.938891
9.887788
9.927608
9.888007
9.935508
9.887179
9.918259
9.886869
9.918122
9.884679
9.908227
9.885553
9.897585
9.882648
9.893803
9.882733
9.893243
9.881925
9.889258
9.882224
9.890809
9.881863
9.889072
9.881920
9.888347
9.881545
9.885971
9.881473
9.884243
9.880980
9.883063
9.881062
9.883103
9.880911
9.882377
9.880879
9.882875
9.880833
9.882102
9.880886
9.882036
9.880782
9.881807
9.880779
9.881293
9.880689
9.881129
9.880676
9.881074
9.880658
9.881159
9.880643
9.880879
9.880668
9.881088
9.880633
9.880751
9.880823
9.880638
9.880842
9.880626
9.880709
9.880618
9.880735
9.880611
9.880679
9.880613
9.880689
9.880609
9.880687
9.880604
9.880636
9.880607
9.880669
9.880603
9.880674
9.880600
9.880606
9.880617
9.880601
9.880621
9.880600
9.880611
9.880600
9.880612
9.880599
9.880609
9.880599
9.880608
9.880598
9.880605
9.880598
9.880603
9.880598
9.880603
9.880597
9.880599
9.880605
9.880598
9.880599
9.880597
9.880600
9.880597
9.880599
9.880598
9.880597
9.880598
9.880597
9.880597
9.880599
9.880597
9.880599
9.880597
9.880597
9.880597
9.880597
9.880597
9.880597
9.880597
9.880597
9.880597
9.880597
9.880597
