1124.053860
1135.158949
1135.158949
1135.158949
1135.158949
1135.158949
1135.158949
1135.158949
1135.158949
1135.158949
1134.936905
1134.301854
1133.449776
1133.059840
1129.884558
1130.254849
1127.565536
1127.641645
1125.067604
1125.672904
1123.196016
1119.054037
1119.758313
1119.293984
1119.564077
1114.640551
1106.431462
1114.470261
1110.196868
1110.351091
1108.525895
1102.569649
1092.888184
1101.977402
1098.515967
1094.582737
1088.889889
1075.830359
1084.852390
1084.532631
1078.211346
1074.228305
1060.387290
1065.417184
1063.394560
1055.452040
1035.622333
1046.455288
1039.194846
1037.975220
1028.866664
1004.696730
1015.040002
1010.791725
1004.567324
980.475337
990.079393
975.363597
936.938424
965.567885
959.505217
944.295726
928.121001
888.654271
920.677023
902.615422
889.736488
882.715384
847.488967
856.813048
851.117098
836.201031
803.007514
822.193571
835.385823
798.235500
771.672572
801.303335
794.597954
790.101113
815.401938
813.769823
813.503015
769.804584
769.351631
839.733916
792.706983
759.587744
743.471095
761.923662
797.279629
751.490751
729.476651
701.295438
800.941991
765.463571
712.604125
704.666129
679.334746
632.682826
673.837417
743.422536
655.143477
647.059792
627.566099
595.878428
602.052949
679.980831
585.743542
546.580685
559.079530
530.293356
475.441565
608.201308
494.464421
496.185060
490.091516
483.726952
510.826075
459.306873
480.211225
458.342903
511.031783
432.217350
436.032539
432.673449
490.629576
425.641735
424.685943
465.198764
478.921897
487.312336
450.236371
418.722849
434.072504
444.928446
493.334045
439.028052
427.615690
411.627998
427.128997
415.511560
400.232038
411.395582
424.198781
395.384843
405.293218
412.144696
381.104923
374.457745
433.502725
402.848703
373.252693
366.023054
384.090752
355.282548
343.064770
372.750887
348.717945
329.867298
323.009573
314.830383
306.153750
310.554383
291.961782
299.487552
275.694540
271.081180
286.775447
296.847618
309.792866
239.469679
239.118550
241.527439
232.888847
269.574159
302.569218
258.561307
295.213603
300.693650
254.016264
298.952896
252.771960
308.811974
250.887376
227.163914
269.314323
259.298058
267.026796
237.931993
275.578428
234.145329
241.807196
271.939130
231.665468
248.217235
246.063854
246.501963
230.555484
253.805805
229.976943
240.347186
220.465744
229.377987
233.485353
232.770041
216.591806
224.420777
216.962010
243.796149
221.246787
216.662857
222.369446
216.276777
236.307819
210.373453
222.122132
218.931900
216.691073
218.936675
207.154858
215.856191
212.200486
214.501833
217.884952
209.557385
208.740253
227.183160
207.927144
202.917802
209.351590
214.418128
201.010071
207.858665
210.818533
223.853228
204.562225
211.116172
204.853578
210.577245
204.467541
201.691537
203.254649
204.073780
198.818650
204.083405
203.782023
203.010796
202.144644
199.466070
199.411012
207.850519
199.160588
202.498439
200.325463
199.096214
204.741319
198.382056
198.329607
205.192581
200.782694
195.604050
197.614977
200.440164
197.471438
200.803020
197.345418
199.984120
196.908511
197.116594
196.988755
200.709180
196.540391
198.802538
196.322656
195.567075
198.971849
199.695521
196.211093
196.150570
194.592323
195.797719
198.513301
195.421029
196.329940
193.104448
192.171836
195.511680
195.119168
196.243013
194.625284
193.890916
193.491646
193.063547
191.618546
191.144359
193.223502
192.511900
190.744894
190.496235
190.159654
190.097366
187.836140
185.484686
188.469613
187.020980
187.892607
186.253876
188.403542
186.256657
182.963710
181.690854
182.136480
181.880604
180.255296
179.221902
180.585941
176.056815
172.069622
180.363373
178.947683
172.000740
168.873871
172.585405
173.984638
169.448244
168.869445
170.517231
168.967239
165.232973
165.290989
166.593536
160.592405
159.294225
162.910093
160.881878
165.777748
158.367726
158.016768
162.257350
157.920052
163.088373
159.327696
160.366938
159.896466
159.526067
156.772686
165.324721
158.731989
162.402771
156.500130
154.168648
157.248940
163.284784
156.051940
157.277714
153.926108
158.012021
159.820553
155.413950
161.290975
154.984425
159.722411
155.092273
151.119420
149.659184
155.202683
158.337717
153.792179
150.340762
150.989565
151.153794
152.795647
148.238843
147.319402
146.269517
144.351141
146.488490
148.101044
143.295697
142.076555
143.925342
141.585072
141.909648
140.794236
141.815894
138.866978
138.878154
135.399370
131.538761
136.626427
136.123441
136.001897
137.720408
137.802362
129.516203
126.303318
128.244326
127.498400
126.207204
127.548426
129.728992
123.225566
123.660950
126.156038
124.790993
120.961215
126.182897
120.662916
124.693575
122.859439
118.129517
118.271013
119.401043
118.914474
116.809131
120.090481
116.576137
122.335419
115.485329
120.740778
120.712672
118.599876
114.845269
119.041452
119.554587
114.348880
119.869072
119.416432
115.575467
113.141539
116.840063
115.784889
118.053411
111.425282
113.474959
117.115256
113.481274
112.375966
112.897946
115.410047
111.488712
111.687674
113.843216
114.144674
111.236604
116.881754
114.837621
111.131193
113.724728
111.160709
111.885985
110.517516
114.560081
110.391047
114.772484
112.451816
110.241676
112.020321
110.108315
115.298985
109.885824
111.882323
109.985359
109.744635
111.836088
110.513656
109.614560
112.376073
109.564843
112.702641
113.154354
109.311663
110.694936
109.529184
110.250325
109.453201
108.805450
109.642595
108.502565
108.766285
109.095024
109.042009
109.762469
108.893479
109.637581
108.837686
110.296097
108.853277
108.620458
108.363742
109.328523
108.599967
108.957187
108.394736
109.363870
108.479068
108.336452
108.647460
108.244724
108.791550
107.713260
107.569129
108.419749
108.020689
108.306150
107.902880
107.850876
108.367394
107.886821
108.490539
107.923128
107.536278
108.315517
107.093786
106.889368
107.824724
107.415079
108.367739
107.454144
107.532633
107.205171
107.321137
107.320831
107.138439
106.850916
107.135604
107.417548
107.031932
107.508995
106.965513
107.580411
106.903825
107.340716
107.080110
106.662711
106.889079
107.421128
107.007724
106.569538
106.599183
107.253205
106.782028
106.876468
107.059176
106.935515
106.774083
106.593990
106.628129
106.679247
106.391860
106.629270
106.734071
106.704116
106.295027
106.398188
106.505855
106.689610
106.560883
106.709420
106.476457
106.520249
106.233584
106.215889
106.227208
106.132188
106.157627
106.100560
106.373452
106.297101
106.122202
106.014775
106.215183
105.886694
105.701322
105.566102
105.442544
105.863720
105.673333
105.434719
105.423724
105.554921
105.307732
105.044317
105.421722
105.067078
104.769638
104.483725
104.686377
104.587586
105.048833
105.515892
104.957892
104.803315
104.468561
104.729648
104.626256
104.603533
104.394363
104.973639
104.204060
104.327692
103.943146
103.705547
104.504773
104.265206
103.936510
103.865020
104.430512
104.321367
103.819847
103.433959
103.069755
103.866278
103.367723
103.476906
103.183907
102.954572
103.082119
102.890265
102.741563
103.449999
103.061598
102.536752
102.910942
102.244505
101.773350
102.407950
102.375601
102.406595
102.674208
101.525059
101.239452
101.172386
100.894417
101.481850
101.148769
101.300494
100.357778
99.950143
100.424554
99.478357
98.981947
100.099878
99.941316
99.966386
98.717742
98.360325
98.428263
98.851082
98.387704
97.668741
97.523213
97.337868
97.615657
97.849825
97.697284
96.099737
96.478765
98.770453
97.052492
98.471891
97.219051
98.341744
95.575984
94.576169
96.925530
96.465304
95.678505
95.968099
95.295451
95.003108
94.620252
94.561433
96.097047
93.750390
94.111588
94.302815
93.449578
94.444399
93.718699
92.670870
93.079903
93.639531
92.044291
91.460817
92.058568
91.852258
92.042497
90.936816
91.159499
92.934721
91.636792
91.511325
89.199909
87.904774
91.458087
89.692592
88.491571
91.893698
90.237791
90.358621
90.077527
88.321532
87.941603
88.304390
86.421219
85.441547
87.112410
85.238919
84.034684
85.443021
83.522503
82.511836
85.172708
84.282478
83.202329
83.325213
80.079974
78.239019
84.201383
83.410514
84.671203
79.482942
83.459262
78.831672
81.169460
79.307182
81.858293
79.208299
76.657906
76.130821
75.187080
75.052004
73.280516
72.288117
74.699058
76.147496
73.040303
70.561203
70.445902
76.975259
72.306087
68.261791
68.908649
71.140793
70.061105
72.326606
71.498218
71.358764
66.585942
68.093164
73.138656
69.001386
65.772878
66.665672
67.482985
68.280923
68.921417
70.392814
63.695555
64.095227
70.410058
66.634361
65.292195
62.404309
62.024825
70.692826
64.977085
65.894639
65.378862
62.279265
61.105814
61.939704
61.557883
66.077731
62.854082
58.410369
56.335041
63.216348
62.255673
57.115052
59.822481
63.768961
60.014548
57.745213
59.747813
59.282292
55.701396
56.035602
55.826044
54.327140
54.875870
54.668960
54.840708
57.371129
52.606280
53.570413
55.810408
56.838040
53.204407
56.913260
54.344760
53.909379
52.301223
53.343771
56.452519
53.486142
53.330920
52.910603
52.775642
51.559694
52.388973
51.952436
52.534149
50.885157
51.581125
52.141309
50.963060
54.110922
51.403046
50.236170
50.903457
52.250171
51.947112
50.557704
52.532129
50.956122
52.372431
50.943181
50.359127
50.786777
51.514205
50.485965
49.687785
49.881960
50.816012
49.765109
49.647875
50.247182
49.259400
49.433079
50.434317
50.635330
49.867827
50.265650
48.784037
48.449213
49.972011
49.561691
49.869047
48.791894
50.212189
49.215875
49.583756
48.865376
48.169560
47.857002
48.792503
48.074743
48.838948
48.308813
47.818014
48.533813
47.743707
48.564786
47.850515
48.083287
47.517236
48.545296
47.009791
47.379500
47.084622
47.076878
48.235765
47.347099
47.998730
47.337533
48.184162
47.277616
47.404820
46.406162
46.206543
46.274351
47.312531
46.599331
46.508505
46.229864
46.664054
45.658330
45.305804
45.515570
45.108496
44.676748
45.212192
45.205873
44.947440
44.849683
44.889528
44.297302
44.676164
43.346634
42.543444
43.871251
43.110208
43.940814
43.787442
43.906698
42.974703
42.698107
42.967655
42.294651
42.717934
42.447604
42.196878
42.943583
41.156997
40.726634
41.038719
42.153600
41.193657
41.356475
40.740086
40.648595
41.470901
40.990329
39.872518
39.949982
41.405127
39.223032
39.083226
41.665114
40.363981
40.006509
40.076150
39.632415
39.562806
38.647882
38.612299
38.455289
38.987940
39.055180
38.398876
39.591455
37.829372
38.103786
38.706308
38.373679
37.806841
39.091804
37.810937
38.155055
37.603378
39.134322
37.553171
39.156665
39.038337
37.661076
37.686255
36.765000
37.157736
36.788994
37.283065
37.940402
37.085593
37.932399
37.126821
37.628030
37.963767
37.047751
36.723578
37.338336
37.636620
36.955177
37.116962
36.393146
36.927984
37.261761
36.793716
36.560654
37.586898
36.646697
36.585855
36.475401
36.126335
36.276325
36.322389
36.475124
36.472421
36.173385
36.390336
36.306970
36.474743
36.380109
36.660003
36.157138
36.405571
36.536981
36.154840
36.406075
36.169489
36.280760
36.429948
36.116285
36.615022
36.135663
36.038339
36.137206
36.321143
36.107680
36.404144
36.121388
36.383553
36.100242
36.081189
36.124509
36.073734
36.091547
36.118100
36.104794
36.099487
36.196312
36.084746
36.073279
36.198550
36.081684
36.111091
36.024473
36.099356
36.091225
36.033707
36.100824
36.024628
36.063132
36.030351
36.073349
36.143445
36.017797
36.112219
36.034794
36.035108
36.107954
36.033810
36.084749
36.028196
36.126482
36.052818
36.052891
36.001200
36.050258
36.040478
36.063130
36.071267
36.067668
36.073122
36.052355
